
Array Size = 49
    16    76    24    14    96    30     8    54    27    56
    65    32    20    91    86    38    81     9    25    65
    84    72    46    71    96     8     8    16    15    94
    91    58    72    42    25    44    27    26    91    10
    26    91    74    80    20    56    18    34    88

Array Size = 76
  1000  1000  1004  1005  1006  1007  1007  1012  1016  1016
  1017  1017  1018  1021  1022  1023  1023  1026  1030  1031
  1031  1034  1038  1038  1041  1042  1046  1048  1049  1049
  1051  1051  1052  1053  1053  1053  1053  1054  1057  1057
  1059  1063  1064  1065  1065  1065  1066  1066  1068  1070
  1072  1072  1074  1075  1076  1081  1083  1087  1088  1089
  1089  1090  1090  1092  1093  1094  1094  1094  1094  1096
  1097  1097  1098  1098  1098  1099

Array Size = 90
  2020  2097  2017  2015  2025  2075  2092  2049  2037  2013
  2066  2079  2003  2006  2051  2053  2076  2030  2011  2000
  2050  2098  2004  2098  2070  2041  2074  2073  2070  2070
  2082  2022  2012  2011  2095  2034  2044  2018  2092  2060
  2049  2068  2054  2031  2092  2027  2047  2025  2059  2064
  2051  2034  2095  2009  2022  2055  2031  2014  2013  2098
  2035  2038  2088  2089  2047  2083  2051  2029  2057  2099
  2048  2023  2022  2060  2088  2095  2038  2064  2070  2013
  2061  2006  2006  2082  2024  2060  2080  2078  2060  2008


Array Size = 36
  3000  3003  3004  3005  3008  3013  3015  3016  3025  3025
  3031  3031  3032  3034  3037  3041  3049  3054  3054  3056
  3057  3062  3063  3065  3072  3074  3078  3079  3087  3093
  3093  3094  3094  3094  3095  3097

Array Size = 10
  4077  4019  4095  4014  4082  4049  4030  4088  4008  4056


Array Size = 52
  5000  5004  5004  5005  5011  5012  5012  5014  5015  5016
  5016  5019  5021  5024  5025  5025  5032  5032  5032  5033
  5039  5044  5045  5046  5051  5056  5058  5059  5060  5061
  5062  5063  5064  5064  5071  5071  5074  5077  5077  5077
  5079  5081  5081  5083  5085  5086  5088  5088  5093  5096
  5096  5099

Array Size = 45
  6017  6046  6095  6089  6055  6033  6043  6045  6009  6094
  6064  6024  6048  6093  6011  6014  6030  6038  6091  6087
  6090  6061  6069  6008  6078  6083  6004  6099  6077  6056
  6082  6017  6049  6096  6036  6047  6073  6075  6009  6048
  6064  6020  6054  6042  6092

Array Size = 79
  7000  7002  7003  7005  7005  7006  7008  7012  7013  7017
  7020  7020  7020  7021  7021  7021  7022  7022  7023  7024
  7027  7028  7029  7033  7035  7036  7040  7042  7043  7043
  7051  7053  7054  7055  7055  7055  7055  7057  7058  7059
  7059  7060  7061  7061  7062  7067  7068  7068  7068  7069
  7070  7073  7074  7074  7077  7077  7078  7079  7080  7081
  7083  7083  7083  7085  7087  7088  7089  7089  7089  7091
  7091  7091  7091  7092  7093  7095  7098  7098  7098

Array Size = 67
  8058  8083  8075  8016  8063  8071  8032  8097  8039  8029
  8094  8003  8009  8094  8077  8065  8080  8099  8077  8069
  8003  8006  8097  8093  8034  8007  8042  8057  8045  8042
  8013  8041  8073  8070  8088  8090  8046  8028  8034  8065
  8047  8064  8042  8064  8076  8067  8010  8049  8034  8044
  8028  8037  8055  8038  8094  8024  8005  8069  8036  8066
  8023  8075  8079  8034  8012  8086  8034

Array Size = 80
  9000  9001  9002  9002  9007  9007  9008  9010  9014  9015
  9016  9016  9017  9017  9020  9025  9026  9030  9031  9031
  9031  9032  9032  9032  9032  9033  9034  9035  9035  9038
  9039  9039  9040  9041  9043  9043  9044  9045  9045  9049
  9051  9052  9052  9054  9054  9057  9057  9059  9059  9061
  9061  9064  9064  9065  9066  9069  9070  9072  9072  9078
  9078  9078  9079  9079  9080  9080  9082  9082  9082  9083
  9083  9086  9090  9091  9092  9094  9094  9094  9099  9099


Array Size = 97
 10067 10089 10024 10013 10021 10090 10034 10059 10035 10044
 10001 10021 10068 10046 10082 10086 10060 10014 10010 10037
 10031 10071 10030 10011 10028 10099 10039 10061 10022 10059
 10047 10093 10068 10092 10085 10056 10086 10090 10083 10059
 10015 10030 10039 10095 10043 10009 10058 10048 10031 10021
 10004 10090 10012 10093 10061 10099 10055 10010 10015 10039
 10003 10061 10082 10072 10058 10084 10075 10037 10079 10015
 10080 10005 10065 10024 10047 10065 10000 10070 10051 10091
 10066 10079 10099 10089 10023 10000 10037 10041 10052 10095
 10076 10083 10025 10041 10063 10069 10059

Array Size = 34
 11000 11008 11010 11012 11012 11016 11018 11019 11022 11027
 11035 11040 11043 11045 11048 11049 11049 11052 11059 11059
 11061 11064 11064 11064 11066 11066 11074 11075 11078 11080
 11081 11084 11092 11095

Array Size = 54
 12068 12048 12042 12099 12000 12007 12038 12086 12007 12000
 12071 12017 12094 12032 12028 12098 12082 12083 12026 12066
 12033 12074 12036 12009 12058 12096 12045 12092 12019 12093
 12039 12077 12028 12003 12082 12086 12074 12011 12067 12043
 12025 12062 12017 12007 12048 12013 12031 12032 12070 12054
 12067 12022 12002 12017

Array Size = 37
 13013 13018 13021 13029 13030 13030 13031 13034 13034 13038
 13040 13046 13049 13049 13053 13053 13054 13055 13067 13069
 13076 13078 13079 13079 13080 13082 13085 13085 13086 13086
 13087 13088 13094 13094 13095 13095 13099

Array Size = 24
 14002 14012 14080 14058 14099 14034 14031 14002 14029 14054
 14020 14061 14079 14076 14025 14030 14039 14054 14048 14030
 14034 14033 14070 14020

Array Size = 41
 15000 15001 15004 15004 15007 15009 15012 15015 15016 15018
 15020 15020 15023 15031 15031 15031 15032 15036 15039 15041
 15044 15045 15045 15050 15051 15056 15081 15081 15082 15086
 15087 15089 15090 15090 15092 15092 15093 15093 15095 15097
 15098

Array Size = 49
 16078 16045 16036 16087 16049 16095 16067 16057 16061 16091
 16066 16006 16057 16017 16058 16043 16092 16026 16098 16082
 16064 16007 16086 16013 16026 16038 16082 16039 16039 16037
 16057 16023 16034 16059 16016 16039 16006 16093 16030 16080
 16007 16090 16059 16050 16027 16035 16065 16044 16077

Array Size = 17
 17001 17001 17001 17003 17018 17019 17025 17031 17034 17037
 17048 17053 17073 17095 17097 17098 17099

Array Size = 28
 18056 18065 18064 18073 18032 18036 18015 18019 18005 18061
 18063 18058 18003 18079 18058 18086 18002 18067 18066 18012
 18099 18030 18080 18001 18087 18079 18058 18037

Array Size = 25
 19000 19004 19008 19028 19030 19030 19033 19035 19041 19046
 19048 19050 19057 19059 19061 19063 19069 19069 19074 19090
 19090 19092 19093 19096 19097

Array Size = 21
 20039 20044 20042 20069 20050 20011 20010 20076 20072 20051
 20053 20087 20070 20024 20029 20034 20023 20033 20028 20069
 20064

Array Size = 40
 21003 21006 21006 21009 21012 21016 21023 21024 21026 21027
 21029 21029 21034 21034 21040 21042 21048 21052 21055 21057
 21060 21062 21062 21064 21065 21065 21067 21068 21069 21071
 21072 21075 21075 21076 21079 21084 21084 21085 21092 21093


Array Size = 32
 22056 22049 22038 22073 22064 22034 22097 22038 22057 22073
 22047 22019 22044 22002 22024 22089 22001 22024 22022 22015
 22063 22003 22022 22070 22003 22024 22074 22088 22017 22003
 22056 22044

Array Size = 39
 23002 23006 23006 23008 23008 23012 23016 23016 23017 23019
 23024 23028 23036 23037 23038 23047 23050 23051 23052 23054
 23054 23062 23067 23067 23072 23076 23077 23078 23081 23083
 23086 23086 23087 23088 23089 23092 23093 23094 23094

Array Size = 49
 24012 24024 24091 24075 24068 24083 24098 24066 24038 24062
 24030 24074 24021 24067 24052 24058 24024 24066 24026 24005
 24080 24008 24089 24060 24088 24033 24070 24046 24032 24017
 24063 24099 24081 24044 24016 24074 24065 24053 24041 24019
 24084 24067 24060 24021 24025 24073 24076 24064 24017

Array Size = 52
 25002 25005 25005 25005 25011 25011 25012 25017 25019 25024
 25024 25025 25025 25030 25031 25034 25038 25038 25044 25044
 25048 25050 25052 25053 25055 25058 25058 25059 25062 25066
 25066 25067 25070 25071 25074 25079 25079 25079 25086 25088
 25089 25090 25090 25093 25095 25095 25096 25096 25097 25097
 25097 25098

Array Size = 23
 26074 26031 26000 26045 26043 26086 26020 26037 26088 26048
 26060 26085 26089 26014 26044 26037 26011 26032 26070 26060
 26013 26011 26077

Array Size = 43
 27001 27002 27004 27009 27010 27010 27011 27013 27016 27019
 27022 27024 27024 27026 27026 27026 27026 27029 27030 27031
 27039 27039 27042 27044 27047 27050 27050 27052 27052 27053
 27054 27055 27056 27063 27067 27072 27074 27075 27079 27083
 27087 27087 27092

Array Size = 91
 28071 28080 28037 28073 28089 28068 28081 28066 28050 28041
 28006 28040 28089 28068 28008 28095 28096 28078 28002 28073
 28094 28071 28045 28062 28084 28054 28053 28007 28033 28021
 28059 28075 28041 28037 28035 28048 28018 28030 28051 28029
 28033 28028 28004 28071 28041 28049 28021 28034 28049 28081
 28083 28048 28026 28033 28069 28062 28066 28057 28052 28015
 28066 28046 28090 28093 28016 28042 28091 28030 28084 28090
 28044 28042 28018 28034 28055 28009 28097 28073 28061 28051
 28023 28096 28054 28068 28025 28047 28048 28032 28029 28064
 28009

Array Size = 45
 29002 29003 29006 29007 29007 29010 29011 29011 29015 29018
 29022 29025 29029 29033 29036 29036 29037 29038 29038 29039
 29040 29040 29043 29046 29046 29047 29051 29057 29058 29058
 29060 29062 29064 29066 29068 29068 29069 29076 29077 29082
 29083 29091 29091 29097 29098

Array Size = 12
 30082 30029 30029 30031 30049 30065 30001 30025 30000 30087
 30035 30052

Array Size = 49
 31001 31001 31005 31007 31008 31008 31009 31011 31011 31012
 31013 31014 31015 31018 31020 31022 31026 31027 31029 31031
 31032 31033 31034 31035 31037 31041 31049 31049 31050 31050
 31051 31052 31053 31054 31057 31062 31064 31072 31075 31077
 31079 31079 31083 31084 31086 31091 31095 31098 31098

Array Size = 83
 32042 32056 32025 32022 32016 32065 32038 32089 32092 32046
 32005 32036 32099 32011 32084 32032 32005 32038 32076 32046
 32061 32009 32023 32005 32022 32053 32010 32055 32024 32027
 32097 32064 32013 32009 32091 32094 32020 32078 32084 32062
 32095 32028 32087 32019 32013 32030 32078 32099 32001 32088
 32058 32019 32036 32056 32024 32073 32040 32070 32065 32035
 32011 32030 32033 32063 32035 32017 32065 32069 32064 32080
 32075 32014 32023 32018 32024 32014 32094 32056 32074 32041
 32004 32052 32068

Array Size = 90
 33000 33006 33007 33007 33008 33009 33010 33011 33012 33012
 33015 33015 33016 33016 33017 33017 33018 33020 33020 33020
 33020 33020 33021 33022 33023 33023 33025 33029 33029 33031
 33035 33036 33037 33037 33038 33038 33039 33039 33042 33043
 33045 33047 33050 33051 33051 33052 33052 33054 33054 33054
 33055 33056 33057 33057 33057 33058 33058 33061 33061 33063
 33064 33065 33065 33065 33069 33069 33071 33071 33073 33073
 33076 33076 33077 33080 33081 33084 33084 33085 33085 33086
 33086 33087 33088 33088 33091 33092 33098 33099 33099 33099


Array Size = 11
 34052 34001 34019 34006 34039 34014 34070 34044 34087 34009
 34043

Array Size = 67
 35000 35001 35002 35004 35004 35005 35005 35006 35006 35008
 35011 35014 35016 35016 35017 35017 35019 35023 35026 35027
 35030 35031 35033 35033 35033 35034 35035 35035 35037 35039
 35040 35040 35041 35041 35041 35041 35043 35043 35044 35046
 35046 35053 35055 35056 35056 35059 35061 35067 35067 35071
 35076 35079 35079 35081 35083 35083 35083 35087 35088 35089
 35091 35092 35094 35097 35098 35098 35098

Array Size = 49
 36081 36039 36058 36069 36055 36035 36052 36044 36016 36045
 36038 36024 36004 36054 36032 36010 36070 36021 36041 36055
 36087 36016 36038 36043 36068 36048 36077 36042 36041 36018
 36028 36014 36083 36004 36012 36093 36064 36062 36030 36090
 36020 36078 36014 36049 36005 36010 36012 36006 36056

Array Size = 99
 37000 37000 37001 37005 37007 37012 37012 37013 37013 37015
 37017 37020 37023 37025 37025 37025 37026 37026 37026 37027
 37027 37028 37029 37029 37030 37034 37036 37036 37036 37037
 37037 37037 37039 37039 37040 37041 37041 37043 37043 37043
 37047 37049 37049 37050 37051 37051 37051 37053 37054 37056
 37057 37058 37059 37060 37062 37063 37064 37065 37069 37069
 37070 37073 37074 37075 37075 37076 37078 37078 37078 37079
 37080 37080 37081 37081 37081 37082 37083 37083 37084 37085
 37086 37086 37087 37087 37088 37088 37089 37089 37089 37090
 37090 37090 37091 37092 37093 37095 37095 37096 37099

Array Size = 47
 38013 38098 38053 38004 38090 38093 38059 38018 38083 38069
 38084 38096 38067 38043 38000 38056 38012 38004 38049 38073
 38023 38058 38085 38002 38050 38010 38074 38050 38044 38090
 38030 38067 38044 38052 38099 38064 38001 38081 38033 38035
 38043 38031 38071 38095 38062 38012 38003

Array Size = 37
 39001 39004 39008 39009 39017 39018 39022 39024 39027 39029
 39031 39032 39034 39036 39037 39040 39043 39046 39048 39049
 39050 39050 39052 39053 39055 39058 39060 39062 39062 39065
 39068 39070 39076 39079 39083 39094 39099

Array Size = 41
 40000 40055 40087 40043 40017 40077 40057 40066 40093 40047
 40052 40092 40097 40083 40023 40044 40025 40062 40050 40040
 40046 40003 40096 40045 40082 40039 40025 40035 40005 40034
 40071 40015 40005 40011 40019 40085 40023 40029 40012 40083
 40098

Array Size = 98
 41000 41000 41001 41003 41004 41004 41005 41005 41006 41006
 41007 41010 41011 41011 41012 41015 41017 41018 41018 41021
 41022 41022 41023 41023 41024 41024 41025 41026 41027 41029
 41029 41029 41032 41032 41033 41033 41034 41034 41036 41037
 41037 41040 41040 41042 41042 41044 41047 41049 41052 41052
 41055 41056 41057 41058 41059 41059 41060 41061 41062 41063
 41065 41066 41066 41068 41068 41068 41069 41069 41070 41071
 41073 41074 41075 41075 41076 41078 41079 41079 41080 41081
 41081 41082 41083 41084 41084 41087 41090 41090 41090 41092
 41093 41095 41096 41096 41096 41098 41098 41099

Array Size = 98
 42090 42006 42084 42020 42086 42065 42010 42051 42050 42012
 42097 42023 42002 42049 42097 42022 42071 42045 42002 42015
 42073 42056 42019 42054 42077 42079 42059 42040 42083 42064
 42063 42010 42083 42059 42071 42012 42032 42008 42084 42055
 42074 42031 42054 42084 42028 42099 42025 42032 42088 42086
 42019 42032 42070 42088 42044 42054 42071 42081 42040 42050
 42001 42021 42045 42072 42014 42010 42091 42091 42098 42057
 42031 42006 42006 42064 42014 42056 42071 42002 42029 42050
 42013 42076 42055 42000 42007 42005 42019 42028 42059 42063
 42050 42018 42050 42053 42047 42014 42093 42076

Array Size = 14
 43004 43005 43006 43011 43015 43035 43037 43043 43045 43058
 43076 43089 43092 43095

Array Size = 95
 44088 44085 44082 44012 44077 44084 44036 44050 44045 44076
 44033 44045 44048 44084 44010 44073 44030 44075 44087 44018
 44099 44059 44068 44044 44088 44025 44023 44048 44095 44085
 44077 44045 44073 44031 44096 44032 44058 44076 44055 44032
 44099 44035 44027 44048 44064 44047 44010 44085 44074 44031
 44011 44017 44033 44018 44003 44010 44088 44006 44026 44081
 44099 44018 44003 44005 44091 44053 44053 44090 44049 44015
 44012 44073 44024 44045 44067 44008 44084 44094 44036 44016
 44020 44084 44068 44090 44094 44085 44057 44085 44082 44090
 44061 44025 44039 44069 44051

Array Size = 69
 45002 45004 45004 45004 45005 45007 45009 45010 45021 45024
 45024 45024 45024 45025 45025 45025 45028 45030 45031 45032
 45032 45033 45035 45037 45040 45040 45041 45041 45043 45044
 45051 45052 45056 45060 45060 45061 45066 45067 45067 45069
 45071 45072 45073 45074 45075 45076 45077 45077 45078 45078
 45079 45080 45083 45084 45085 45086 45086 45086 45087 45088
 45089 45089 45090 45093 45094 45095 45096 45098 45099

Array Size = 62
 46012 46099 46058 46090 46093 46093 46097 46028 46059 46049
 46043 46049 46062 46063 46009 46052 46086 46096 46058 46030
 46080 46004 46091 46098 46020 46019 46001 46052 46076 46083
 46074 46089 46011 46066 46092 46089 46051 46099 46085 46066
 46059 46010 46052 46081 46013 46060 46069 46063 46096 46071
 46090 46075 46058 46034 46011 46000 46065 46068 46092 46087
 46044 46012

Array Size = 42
 47001 47003 47010 47012 47012 47013 47016 47018 47023 47024
 47025 47029 47031 47032 47032 47036 47038 47039 47041 47041
 47045 47055 47058 47061 47061 47064 47066 47068 47072 47074
 47074 47075 47076 47076 47078 47080 47081 47082 47091 47096
 47098 47098

Array Size = 24
 48017 48059 48081 48093 48044 48018 48024 48044 48074 48009
 48069 48016 48008 48059 48067 48068 48040 48020 48033 48082
 48005 48060 48056 48005

Array Size = 67
 49000 49002 49002 49002 49004 49004 49006 49006 49006 49009
 49013 49013 49014 49017 49018 49018 49021 49022 49023 49024
 49026 49029 49029 49030 49032 49035 49043 49043 49048 49048
 49049 49050 49051 49051 49051 49052 49052 49053 49053 49054
 49055 49059 49059 49059 49062 49064 49065 49066 49067 49069
 49072 49078 49080 49082 49085 49086 49086 49087 49088 49089
 49091 49092 49093 49094 49095 49096 49097

Array Size = 25
 50091 50074 50030 50087 50043 50055 50035 50056 50018 50091
 50016 50022 50017 50010 50024 50041 50083 50049 50019 50043
 50017 50067 50091 50072 50009

Array Size = 62
 51000 51003 51003 51005 51007 51008 51011 51015 51016 51016
 51016 51017 51018 51022 51023 51024 51024 51025 51027 51027
 51027 51029 51033 51038 51038 51041 51042 51044 51045 51046
 51046 51046 51046 51047 51049 51051 51056 51056 51057 51057
 51058 51059 51063 51063 51070 51070 51071 51071 51072 51081
 51082 51083 51086 51086 51090 51091 51091 51094 51095 51095
 51098 51098

Array Size = 88
 52011 52062 52080 52068 52075 52043 52035 52018 52053 52045
 52039 52022 52016 52048 52062 52045 52010 52022 52037 52011
 52033 52080 52024 52057 52067 52097 52019 52072 52028 52031
 52085 52082 52074 52018 52043 52035 52093 52049 52035 52089
 52001 52099 52067 52053 52069 52008 52061 52039 52000 52072
 52037 52053 52073 52033 52094 52043 52088 52029 52077 52079
 52010 52017 52057 52010 52093 52023 52098 52041 52025 52018
 52074 52014 52059 52007 52074 52090 52022 52048 52009 52094
 52039 52082 52024 52011 52065 52039 52051 52062

Array Size = 32
 53002 53004 53004 53004 53009 53015 53016 53023 53025 53030
 53034 53034 53034 53038 53038 53042 53046 53050 53054 53054
 53055 53058 53063 53075 53079 53080 53082 53086 53089 53096
 53098 53099

Array Size = 60
 54097 54022 54030 54051 54017 54051 54042 54083 54040 54092
 54000 54067 54010 54049 54021 54086 54067 54019 54020 54022
 54003 54090 54007 54056 54079 54022 54067 54097 54005 54046
 54021 54002 54035 54018 54081 54098 54007 54074 54095 54026
 54073 54073 54008 54000 54074 54025 54030 54042 54035 54023
 54036 54095 54009 54034 54053 54022 54000 54030 54021 54055


Array Size = 35
 55001 55016 55021 55024 55030 55030 55032 55034 55034 55034
 55036 55039 55040 55041 55043 55048 55049 55053 55054 55063
 55070 55071 55071 55073 55073 55081 55081 55082 55082 55085
 55092 55092 55093 55098 55099

Array Size = 37
 56077 56005 56010 56091 56012 56016 56033 56033 56076 56035
 56052 56055 56098 56012 56065 56086 56080 56072 56031 56073
 56078 56062 56026 56035 56039 56077 56057 56089 56067 56026
 56038 56023 56059 56017 56004 56047 56059

Array Size = 35
 57000 57000 57004 57005 57005 57008 57012 57013 57014 57017
 57019 57021 57021 57024 57030 57036 57041 57042 57049 57053
 57058 57062 57065 57070 57072 57077 57078 57082 57085 57085
 57088 57094 57095 57096 57099

Array Size = 80
 58018 58053 58066 58019 58041 58011 58050 58012 58045 58053
 58058 58006 58078 58038 58000 58054 58079 58071 58046 58089
 58024 58078 58078 58036 58075 58023 58062 58097 58068 58039
 58030 58020 58056 58024 58098 58051 58051 58056 58007 58090
 58095 58052 58078 58025 58074 58044 58046 58032 58008 58071
 58072 58031 58006 58063 58072 58045 58019 58017 58071 58082
 58092 58087 58078 58073 58043 58028 58029 58063 58050 58037
 58013 58079 58035 58031 58077 58021 58075 58046 58085 58079


Array Size = 47
 59006 59008 59011 59013 59017 59020 59020 59020 59024 59024
 59026 59033 59034 59036 59039 59041 59046 59046 59047 59047
 59053 59053 59053 59056 59059 59062 59062 59063 59063 59063
 59064 59066 59067 59070 59070 59074 59078 59082 59083 59084
 59084 59086 59088 59090 59092 59097 59099

Array Size = 42
 60040 60022 60040 60058 60051 60076 60011 60023 60032 60089
 60025 60004 60025 60005 60017 60041 60070 60085 60077 60078
 60047 60022 60084 60097 60095 60059 60039 60089 60025 60009
 60003 60073 60060 60023 60018 60088 60034 60013 60051 60058
 60035 60094

Array Size = 75
 61001 61002 61002 61003 61004 61006 61007 61007 61007 61008
 61012 61012 61013 61013 61013 61015 61016 61017 61017 61018
 61019 61019 61020 61020 61021 61021 61024 61024 61024 61025
 61026 61026 61028 61028 61032 61033 61034 61036 61038 61042
 61043 61043 61044 61045 61045 61046 61048 61049 61052 61052
 61053 61055 61056 61060 61062 61064 61067 61069 61071 61074
 61076 61076 61077 61078 61080 61081 61081 61082 61084 61086
 61090 61090 61096 61099 61099

Array Size = 44
 62041 62090 62009 62021 62032 62099 62040 62011 62019 62010
 62004 62086 62063 62052 62033 62051 62007 62056 62073 62023
 62079 62028 62098 62003 62039 62022 62024 62045 62070 62013
 62053 62006 62076 62054 62078 62097 62080 62068 62010 62082
 62036 62039 62038 62018

Array Size = 36
 63003 63005 63007 63010 63013 63013 63016 63016 63020 63026
 63026 63027 63028 63029 63031 63031 63032 63035 63037 63041
 63045 63046 63048 63052 63052 63053 63059 63062 63070 63071
 63075 63080 63081 63086 63087 63096

Array Size = 43
 64038 64065 64095 64038 64049 64051 64049 64013 64025 64074
 64041 64052 64038 64047 64010 64035 64055 64092 64066 64082
 64073 64046 64022 64039 64082 64029 64003 64087 64052 64020
 64050 64071 64063 64052 64005 64097 64084 64078 64081 64021
 64019 64040 64004

Array Size = 71
 65001 65003 65003 65004 65005 65006 65008 65009 65011 65011
 65012 65014 65015 65019 65020 65021 65022 65023 65024 65025
 65030 65032 65032 65033 65035 65035 65036 65038 65041 65041
 65042 65043 65043 65044 65044 65045 65046 65047 65048 65049
 65049 65050 65053 65053 65056 65056 65056 65057 65060 65065
 65069 65069 65070 65074 65074 65075 65076 65077 65079 65080
 65080 65081 65082 65083 65083 65085 65087 65089 65091 65097
 65099

Array Size = 77
 66065 66061 66017 66032 66031 66030 66090 66015 66012 66004
 66053 66042 66026 66031 66069 66084 66042 66098 66059 66044
 66006 66020 66083 66093 66026 66091 66083 66043 66069 66089
 66052 66015 66028 66080 66078 66008 66026 66076 66016 66044
 66059 66037 66067 66005 66055 66008 66001 66089 66040 66017
 66091 66068 66074 66030 66004 66004 66057 66058 66060 66068
 66055 66035 66002 66093 66088 66015 66068 66067 66053 66050
 66019 66040 66010 66008 66051 66019 66007

Array Size = 91
 67000 67002 67003 67005 67006 67007 67009 67009 67012 67013
 67013 67014 67016 67019 67020 67020 67020 67020 67022 67025
 67025 67026 67026 67026 67027 67027 67028 67030 67031 67031
 67031 67032 67034 67036 67038 67038 67039 67039 67042 67042
 67043 67044 67044 67045 67046 67047 67047 67048 67049 67050
 67050 67052 67054 67056 67060 67060 67061 67061 67062 67067
 67068 67068 67069 67070 67074 67074 67077 67078 67078 67078
 67079 67080 67080 67082 67082 67083 67084 67085 67086 67086
 67087 67087 67088 67088 67089 67090 67092 67092 67096 67098
 67099

Array Size = 68
 68071 68003 68053 68020 68055 68059 68091 68090 68095 68023
 68001 68021 68080 68058 68032 68087 68040 68097 68024 68023
 68071 68044 68038 68030 68031 68056 68033 68010 68040 68060
 68096 68010 68013 68023 68064 68048 68041 68050 68041 68037
 68043 68008 68068 68088 68073 68043 68076 68069 68031 68041
 68062 68096 68030 68043 68009 68056 68054 68080 68066 68000
 68010 68073 68069 68044 68049 68099 68091 68073

Array Size = 66
 69002 69003 69005 69005 69006 69006 69009 69009 69009 69011
 69013 69014 69018 69020 69024 69025 69032 69033 69034 69036
 69038 69040 69040 69042 69043 69044 69044 69045 69045 69046
 69046 69047 69049 69049 69051 69052 69053 69058 69058 69061
 69066 69068 69072 69072 69073 69074 69074 69076 69077 69077
 69079 69083 69084 69086 69086 69090 69090 69094 69094 69095
 69095 69095 69096 69097 69097 69099

Array Size = 25
 70029 70052 70017 70055 70052 70041 70042 70081 70001 70075
 70008 70014 70071 70030 70031 70028 70098 70010 70053 70078
 70059 70024 70052 70090 70046

Array Size = 26
 71007 71016 71025 71027 71028 71030 71032 71034 71035 71035
 71037 71048 71049 71051 71051 71053 71055 71062 71065 71074
 71074 71076 71081 71088 71092 71096

Array Size = 85
 72057 72048 72096 72075 72094 72099 72018 72048 72051 72006
 72069 72092 72049 72032 72038 72033 72026 72064 72031 72052
 72072 72033 72064 72052 72059 72058 72097 72055 72028 72063
 72097 72068 72039 72065 72001 72041 72068 72030 72034 72064
 72044 72021 72088 72034 72086 72033 72053 72081 72034 72035
 72052 72032 72058 72060 72090 72068 72068 72010 72087 72097
 72094 72013 72038 72035 72055 72022 72031 72022 72000 72051
 72035 72057 72044 72036 72030 72038 72049 72012 72096 72065
 72074 72030 72015 72020 72060

Array Size = 49
 73000 73001 73005 73012 73013 73015 73017 73017 73020 73022
 73024 73027 73031 73034 73037 73041 73045 73046 73050 73050
 73052 73053 73053 73055 73059 73061 73062 73063 73064 73064
 73069 73071 73075 73077 73078 73079 73079 73081 73083 73085
 73087 73088 73091 73091 73091 73092 73093 73094 73099

Array Size = 80
 74045 74079 74006 74027 74031 74035 74066 74009 74061 74087
 74001 74060 74023 74040 74031 74054 74065 74085 74078 74049
 74055 74018 74098 74087 74065 74000 74032 74034 74001 74045
 74016 74016 74098 74006 74096 74034 74016 74077 74084 74079
 74048 74099 74019 74021 74067 74084 74012 74056 74070 74072
 74041 74011 74001 74050 74005 74016 74084 74084 74038 74032
 74070 74048 74047 74013 74086 74035 74092 74008 74000 74078
 74043 74053 74060 74037 74016 74015 74089 74059 74089 74060


Array Size = 66
 75003 75007 75007 75008 75009 75011 75011 75012 75015 75016
 75016 75018 75019 75021 75024 75026 75026 75027 75028 75035
 75041 75043 75043 75044 75045 75045 75047 75047 75049 75051
 75052 75052 75053 75054 75055 75057 75059 75062 75066 75067
 75068 75069 75070 75072 75074 75074 75078 75080 75080 75081
 75082 75084 75084 75085 75086 75088 75089 75089 75091 75092
 75092 75093 75094 75096 75096 75098

Array Size = 53
 76099 76058 76002 76059 76053 76007 76064 76032 76025 76045
 76006 76069 76071 76060 76059 76056 76065 76085 76086 76084
 76051 76043 76070 76053 76066 76089 76046 76085 76024 76049
 76098 76049 76017 76014 76069 76044 76055 76090 76015 76031
 76065 76002 76009 76028 76060 76066 76058 76005 76040 76001
 76034 76044 76026

Array Size = 15
 77009 77014 77026 77028 77040 77056 77062 77064 77078 77080
 77080 77087 77094 77096 77098

Array Size = 77
 78085 78072 78056 78067 78062 78025 78013 78094 78032 78099
 78048 78035 78076 78024 78043 78031 78045 78011 78084 78090
 78060 78012 78050 78025 78063 78030 78023 78065 78036 78016
 78071 78044 78040 78008 78007 78030 78023 78022 78070 78029
 78041 78056 78018 78078 78052 78075 78082 78086 78025 78095
 78008 78080 78015 78089 78021 78029 78038 78086 78013 78014
 78068 78041 78029 78053 78062 78012 78071 78016 78093 78093
 78041 78024 78090 78002 78083 78008 78014

Array Size = 30
 79002 79015 79017 79022 79025 79025 79030 79030 79031 79033
 79035 79039 79046 79055 79057 79058 79060 79063 79063 79063
 79066 79068 79072 79077 79078 79081 79085 79091 79094 79098


Array Size = 52
 80019 80053 80038 80029 80049 80095 80015 80076 80061 80091
 80004 80009 80062 80028 80042 80066 80063 80079 80000 80030
 80047 80053 80004 80052 80028 80010 80004 80004 80073 80004
 80030 80043 80043 80044 80003 80004 80050 80081 80070 80027
 80045 80053 80085 80068 80084 80034 80012 80041 80035 80078
 80073 80014

Array Size = 27
 81000 81005 81008 81008 81010 81024 81032 81040 81044 81048
 81056 81056 81057 81057 81062 81067 81067 81077 81079 81082
 81088 81088 81091 81094 81094 81094 81097

Array Size = 90
 82003 82001 82097 82076 82088 82097 82059 82021 82023 82055
 82062 82032 82022 82035 82087 82030 82053 82027 82088 82044
 82022 82071 82056 82051 82012 82080 82068 82020 82075 82029
 82041 82031 82024 82080 82005 82003 82052 82009 82034 82063
 82085 82037 82050 82086 82098 82013 82028 82028 82033 82037
 82074 82056 82007 82002 82054 82092 82067 82050 82068 82086
 82035 82097 82031 82013 82047 82077 82062 82017 82044 82035
 82094 82035 82066 82070 82037 82002 82022 82001 82051 82071
 82075 82099 82044 82069 82041 82001 82054 82060 82066 82003


Array Size = 13
 83004 83005 83008 83036 83036 83040 83041 83043 83048 83060
 83071 83079 83088

Array Size = 76
 84054 84054 84081 84040 84024 84044 84060 84057 84015 84046
 84070 84069 84095 84014 84013 84038 84055 84065 84015 84077
 84035 84098 84084 84084 84016 84034 84052 84032 84025 84033
 84059 84067 84028 84020 84012 84008 84046 84058 84080 84085
 84094 84023 84004 84065 84091 84007 84073 84069 84010 84012
 84094 84065 84015 84040 84018 84079 84093 84079 84066 84030
 84049 84034 84091 84068 84010 84057 84079 84062 84000 84024
 84032 84007 84096 84091 84078 84036

Array Size = 99
 85002 85003 85003 85004 85004 85005 85007 85012 85012 85012
 85013 85014 85017 85018 85018 85018 85020 85022 85022 85023
 85023 85024 85027 85027 85027 85028 85029 85031 85031 85031
 85032 85033 85034 85037 85037 85038 85038 85039 85040 85041
 85045 85045 85046 85047 85049 85049 85049 85050 85051 85052
 85052 85053 85053 85055 85057 85058 85063 85065 85066 85066
 85066 85069 85069 85069 85070 85072 85072 85072 85073 85074
 85075 85075 85075 85075 85076 85077 85077 85077 85078 85078
 85078 85079 85079 85082 85082 85085 85086 85089 85089 85090
 85094 85094 85094 85096 85096 85097 85097 85097 85099

Array Size = 39
 86072 86066 86078 86015 86072 86054 86040 86071 86061 86084
 86063 86043 86078 86042 86021 86047 86043 86089 86022 86019
 86032 86046 86010 86084 86071 86070 86009 86018 86035 86018
 86061 86084 86090 86027 86018 86013 86013 86013 86032

Array Size = 58
 87000 87002 87009 87015 87021 87025 87029 87029 87029 87030
 87031 87031 87031 87034 87036 87037 87040 87041 87041 87042
 87042 87043 87044 87044 87045 87048 87051 87052 87055 87055
 87059 87060 87060 87062 87063 87063 87063 87064 87065 87065
 87065 87065 87068 87069 87073 87076 87080 87081 87083 87087
 87089 87089 87090 87094 87096 87098 87099 87099

Array Size = 48
 88029 88015 88033 88080 88029 88055 88015 88014 88045 88030
 88036 88047 88027 88083 88007 88099 88063 88083 88000 88094
 88054 88093 88051 88054 88001 88094 88028 88062 88006 88067
 88045 88039 88054 88085 88035 88021 88096 88083 88075 88074
 88072 88039 88034 88044 88000 88057 88080 88092

Array Size = 67
 89000 89001 89002 89002 89003 89004 89005 89012 89015 89019
 89019 89020 89020 89020 89022 89024 89026 89026 89027 89027
 89031 89033 89035 89035 89036 89036 89039 89040 89043 89045
 89046 89047 89048 89050 89053 89055 89056 89057 89058 89059
 89060 89061 89061 89065 89065 89066 89068 89068 89071 89072
 89073 89075 89078 89078 89079 89079 89080 89083 89083 89085
 89085 89092 89092 89094 89095 89099 89099

Array Size = 67
 90068 90030 90014 90041 90029 90060 90082 90002 90065 90086
 90076 90065 90026 90076 90072 90054 90083 90047 90037 90042
 90088 90033 90095 90003 90022 90076 90098 90050 90022 90088
 90013 90034 90096 90009 90088 90081 90080 90082 90078 90029
 90072 90057 90056 90009 90095 90052 90023 90087 90084 90031
 90000 90065 90003 90034 90012 90022 90006 90089 90074 90037
 90017 90081 90089 90075 90019 90094 90029

Array Size = 26
 91003 91003 91004 91010 91015 91015 91022 91029 91043 91044
 91048 91058 91061 91061 91063 91064 91064 91068 91072 91073
 91079 91082 91086 91093 91094 91096

Array Size = 56
 92039 92032 92088 92037 92054 92027 92071 92044 92049 92045
 92047 92064 92095 92072 92083 92081 92003 92003 92012 92099
 92043 92039 92068 92067 92051 92076 92066 92091 92060 92050
 92056 92009 92035 92014 92071 92061 92072 92055 92061 92013
 92079 92039 92053 92035 92064 92075 92031 92086 92084 92099
 92060 92088 92096 92086 92049 92012

Array Size = 90
 93000 93000 93001 93002 93002 93003 93004 93004 93004 93005
 93007 93008 93008 93009 93010 93010 93013 93014 93014 93014
 93015 93016 93016 93017 93017 93017 93018 93018 93020 93021
 93021 93022 93022 93023 93025 93026 93030 93031 93032 93034
 93034 93036 93036 93038 93038 93040 93042 93042 93044 93046
 93046 93046 93049 93049 93050 93050 93055 93055 93055 93056
 93058 93059 93059 93063 93064 93066 93066 93067 93067 93068
 93071 93072 93073 93073 93074 93075 93078 93079 93082 93083
 93085 93088 93092 93094 93094 93095 93095 93097 93098 93098


Array Size = 31
 94037 94022 94035 94053 94023 94083 94061 94098 94061 94013
 94036 94021 94054 94056 94067 94043 94024 94003 94088 94017
 94089 94099 94009 94095 94005 94060 94018 94057 94080 94002
 94088

Array Size = 79
 95002 95003 95004 95005 95007 95007 95008 95011 95014 95015
 95015 95015 95016 95017 95017 95017 95018 95019 95019 95021
 95023 95024 95027 95027 95031 95038 95039 95039 95040 95041
 95043 95043 95044 95044 95045 95045 95046 95047 95049 95052
 95052 95052 95053 95056 95057 95058 95058 95059 95060 95061
 95061 95062 95064 95069 95069 95070 95071 95073 95073 95074
 95075 95077 95079 95083 95084 95085 95085 95087 95090 95091
 95093 95094 95095 95096 95096 95098 95098 95098 95099

Array Size = 29
 96002 96025 96007 96093 96091 96064 96002 96061 96019 96036
 96014 96035 96048 96077 96015 96060 96034 96079 96034 96088
 96097 96057 96090 96061 96015 96035 96034 96069 96072

Array Size = 61
 97001 97003 97005 97005 97006 97011 97011 97015 97015 97015
 97016 97016 97016 97017 97018 97025 97026 97026 97034 97035
 97035 97036 97036 97039 97039 97048 97049 97050 97052 97053
 97053 97054 97057 97057 97058 97058 97059 97064 97065 97066
 97066 97067 97072 97072 97073 97076 97077 97077 97078 97078
 97080 97080 97083 97084 97086 97089 97092 97093 97094 97095
 97096

Array Size = 35
 98015 98069 98005 98043 98049 98048 98089 98015 98011 98015
 98051 98002 98094 98059 98085 98013 98055 98090 98093 98053
 98037 98066 98022 98039 98016 98044 98061 98075 98002 98024
 98037 98062 98091 98058 98069

Array Size = 20
 99014 99024 99026 99032 99038 99041 99042 99045 99050 99053
 99058 99059 99064 99067 99069 99073 99078 99080 99086 99096

10 94038 94045 94043
 94007 94005 94016 94008 94083 94093 94066 94007 94082 94063
 94033 94071 94077 94000 94018 94069 94058 94002 94006 94085
 94082 94047 94080 94054 94011 94022 94024 94089 94041 94054
 94025 94071 94029

Array Size = 34
 95000 95001 95001 95007 95008 95011 95015 95015 95016 95017
 95019 95023 95024 95025 95030 95031 95031 95036 95040 95042
 95044 95047 95048 95053 95054 95054 95057 95063 95067 95067
 95072 95078 95084 95089

Array Size = 22
 96087 96001 96053 96062 96086 96010 96030 96049 96040 96077
 96043 96067 96001 96092 96035 96042 96089 96072 96054 96029
 96086 96083

Array Size = 75
 97003 97006 97007 97009 97010 97013 97014 97014 97015 97016
 97017 97018 97020 97020 97021 97028 97028 97032 97033 97037
 97040 97041 97041 97041 97042 97042 97045 97045 97047 97048
 97049 97050 97050 97051 97053 97055 97055 97056 97056 97056
 97059 97061 97062 97065 97066 97066 97067 97068 97069 97070
 97071 97072 97072 97073 97074 97076 97077 97081 97084 97084
 97085 97085 97086 97087 97088 97089 97091 97092 97092 97093
 97095 97096 97096 97097 97098

Array Size = 41
 98082 98068 98016 98036 98055 98013 98079 98058 98008 98006
 98044 98008 98036 98022 98026 98007 98061 98008 98063 98005
 98099 98016 98067 98073 98088 98061 98033 98096 98013 98031
 98001 98066 98049 98058 98087 98095 98082 98052 98046 98027
 98067

Array Size = 45
 99006 99015 99021 99023 99023 99025 99025 99026 99030 99031
 99032 99033 99035 99036 99042 99044 99047 99047 99048 99048
 99055 99056 99057 99058 99059 99062 99064 99066 99067 99067
 99069 99075 99075 99076 99077 99078 99080 99081 99083 99088
 99089 99096 99099 99099 99099
30 97031 97031 97032 97032
 97041 97042 97043 97043 97043 97044 97044 97046 97046 97048
 97050 97051 97053 97056 97057 97058 97059 97060 97061 97063
 97064 97064 97064 97065 97066 97067 97068 97068 97069 97070
 97070 97071 97071 97073 97073 97075 97077 97078 97078 97078
 97083 97085 97086 97087 97087 97088 97089 97090 97091 97093
 97093 97095 97095 97095 97096 97099

Array Size = 20
 98095 98028 98088 98095 98073 98046 98027 98072 98061 98052
 98051 98026 98085 98010 98059 98053 98089 98091 98050 98001


Array Size = 19
 99000 99008 99008 99017 99018 99020 99024 99025 99029 99042
 99045 99057 99057 99064 99069 99079 99091 99095 99098
46 97046 97046 97048
 97049 97056 97056 97057 97059 97059 97059 97060 97061 97062
 97062 97062 97063 97064 97065 97066 97069 97070 97073 97073
 97074 97075 97077 97079 97083 97083 97084 97087 97088 97088
 97091 97091 97091 97093 97093 97097

Array Size = 90
 98021 98095 98099 98020 98035 98044 98019 98033 98073 98031
 98060 98013 98006 98095 98003 98024 98093 98070 98005 98060
 98013 98040 98017 98002 98086 98029 98085 98009 98012 98015
 98088 98072 98046 98081 98011 98091 98044 98027 98066 98028
 98067 98044 98003 98074 98089 98036 98027 98060 98065 98094
 98056 98042 98010 98074 98009 98046 98062 98016 98055 98092
 98086 98039 98065 98069 98005 98057 98057 98013 98099 98021
 98037 98095 98062 98048 98058 98029 98002 98089 98073 98076
 98032 98054 98016 98030 98037 98076 98000 98095 98018 98071


Array Size = 57
 99004 99010 99011 99013 99014 99016 99017 99019 99019 99020
 99021 99022 99028 99028 99029 99029 99030 99030 99031 99031
 99034 99038 99039 99039 99042 99042 99044 99045 99047 99048
 99052 99052 99053 99054 99055 99055 99056 99057 99058 99062
 99063 99068 99071 99074 99079 99080 99080 99081 99081 99081
 99082 99086 99088 99089 99092 99092 99097
99019 99020 99021 99022 99023 99028 99030
 99031 99031 99032 99032 99032 99033 99035 99036 99037 99037
 99038 99038 99039 99039 99042 99044 99044 99044 99047 99048
 99049 99049 99050 99051 99051 99051 99052 99052 99052 99052
 99052 99053 99054 99054 99055 99055 99055 99056 99056 99056
 99057 99058 99059 99059 99060 99061 99064 99064 99066 99067
 99067 99068 99069 99072 99074 99076 99076 99077 99078 99084
 99084 99086 99090 99091 99091 99094 99095 99099 99099 99099

