
Array Size = 96
    33    81    65    89    69    40    48    62    55    81
    65    70    51    40    42    17     9     4    72    45
    57    67    89    51    18    57    73    61     1    68
    20    67    82    39    99    87    83    28    61    82
    51    65    68     4    18    74    80    51    88    19
    11    31     3     1     1    56    17    39    74    52
    32    29    50     6    91    89     9     4    54    12
    23    57     6    40    17    78    20    31    57    74
     6    98    46    15    26    55    60    40    65    12
    90    31    87    29    68    71

Array Size = 91
  1003  1005  1005  1006  1006  1007  1007  1007  1008  1009
  1009  1010  1011  1012  1015  1016  1016  1017  1018  1019
  1019  1022  1025  1026  1027  1029  1030  1031  1031  1032
  1032  1033  1036  1038  1038  1038  1040  1042  1043  1043
  1045  1046  1047  1048  1049  1050  1052  1054  1056  1057
  1058  1058  1059  1060  1060  1064  1066  1067  1067  1067
  1071  1071  1071  1072  1073  1073  1075  1075  1075  1075
  1078  1080  1080  1081  1082  1084  1085  1087  1088  1088
  1089  1090  1091  1092  1093  1094  1094  1096  1097  1098
  1098

Array Size = 52
  2004  2031  2090  2050  2016  2070  2073  2006  2011  2037
  2035  2010  2019  2048  2026  2010  2028  2013  2025  2033
  2089  2033  2089  2095  2047  2060  2024  2073  2031  2082
  2084  2086  2087  2067  2004  2028  2093  2007  2053  2002
  2072  2067  2031  2099  2003  2035  2038  2023  2047  2084
  2091  2092

Array Size = 51
  3002  3004  3005  3007  3008  3014  3015  3016  3021  3029
  3029  3033  3036  3038  3040  3045  3051  3052  3053  3055
  3058  3058  3059  3067  3069  3070  3073  3074  3075  3077
  3078  3079  3080  3082  3082  3083  3083  3085  3085  3085
  3085  3086  3087  3090  3090  3091  3094  3095  3097  3097
  3099

Array Size = 30
  4036  4017  4079  4087  4047  4031  4022  4002  4016  4050
  4085  4006  4061  4012  4039  4052  4083  4044  4008  4032
  4035  4052  4068  4044  4013  4019  4061  4056  4073  4082


Array Size = 68
  5000  5000  5000  5001  5002  5006  5011  5013  5013  5016
  5017  5018  5019  5021  5023  5023  5024  5024  5025  5026
  5026  5029  5031  5033  5035  5035  5038  5039  5041  5043
  5043  5043  5047  5056  5056  5058  5058  5059  5059  5062
  5065  5067  5067  5068  5068  5068  5071  5074  5075  5076
  5080  5081  5081  5083  5085  5085  5087  5087  5088  5088
  5088  5091  5093  5096  5097  5097  5098  5099

Array Size = 53
  6016  6050  6098  6065  6087  6020  6090  6087  6006  6008
  6036  6081  6020  6025  6066  6098  6084  6039  6030  6051
  6051  6090  6007  6077  6028  6013  6076  6038  6041  6088
  6028  6049  6066  6068  6074  6057  6000  6058  6006  6080
  6047  6050  6051  6036  6091  6025  6002  6034  6068  6025
  6022  6065  6016

Array Size = 77
  7000  7002  7004  7004  7007  7007  7007  7008  7008  7008
  7009  7009  7012  7013  7013  7014  7014  7015  7017  7018
  7020  7020  7020  7022  7023  7024  7027  7029  7029  7030
  7033  7034  7035  7035  7036  7037  7038  7039  7039  7042
  7043  7043  7044  7044  7044  7047  7052  7054  7056  7057
  7060  7065  7068  7069  7071  7071  7072  7074  7075  7076
  7080  7081  7081  7082  7082  7083  7084  7085  7089  7090
  7090  7091  7093  7093  7096  7097  7099

Array Size = 48
  8034  8003  8031  8049  8023  8086  8032  8034  8070  8014
  8028  8022  8059  8096  8008  8030  8036  8067  8057  8015
  8099  8072  8051  8024  8083  8032  8010  8089  8098  8005
  8030  8018  8096  8010  8047  8094  8055  8093  8019  8068
  8012  8084  8088  8093  8005  8052  8085  8016

Array Size = 65
  9000  9003  9004  9005  9008  9010  9013  9013  9013  9015
  9015  9016  9017  9022  9022  9023  9024  9024  9025  9026
  9032  9032  9034  9034  9035  9035  9039  9040  9041  9042
  9043  9043  9046  9047  9049  9050  9051  9052  9052  9053
  9054  9058  9062  9064  9065  9068  9074  9075  9075  9077
  9078  9080  9081  9084  9084  9085  9086  9086  9089  9092
  9092  9093  9094  9094  9097

Array Size = 10
 10084 10033 10015 10075 10088 10098 10034 10080 10096 10049


Array Size = 38
 11002 11003 11007 11009 11012 11013 11016 11022 11025 11030
 11031 11032 11038 11039 11046 11053 11053 11057 11058 11058
 11060 11062 11062 11067 11076 11078 11078 11081 11083 11085
 11086 11086 11092 11094 11095 11095 11097 11099

Array Size = 30
 12078 12069 12017 12014 12011 12083 12001 12007 12019 12028
 12079 12052 12024 12026 12057 12099 12026 12079 12017 12008
 12050 12006 12032 12068 12021 12055 12093 12042 12021 12045


Array Size = 96
 13002 13005 13008 13012 13012 13014 13016 13018 13018 13020
 13020 13020 13023 13023 13025 13026 13027 13029 13029 13030
 13030 13031 13031 13032 13033 13035 13038 13040 13040 13041
 13041 13043 13043 13045 13045 13046 13046 13046 13047 13047
 13047 13048 13048 13050 13050 13051 13052 13054 13055 13056
 13056 13056 13057 13059 13060 13060 13060 13061 13061 13063
 13063 13063 13064 13065 13065 13066 13066 13066 13068 13068
 13069 13070 13071 13071 13071 13071 13077 13080 13081 13081
 13081 13085 13085 13085 13086 13087 13089 13090 13090 13091
 13094 13094 13095 13096 13096 13097

Array Size = 47
 14039 14087 14079 14001 14072 14068 14050 14098 14080 14093
 14071 14090 14049 14093 14089 14002 14035 14059 14085 14054
 14073 14070 14064 14096 14006 14050 14058 14027 14096 14060
 14000 14038 14091 14016 14041 14013 14067 14094 14050 14043
 14019 14025 14042 14053 14065 14068 14086

Array Size = 48
 15000 15001 15002 15006 15008 15008 15010 15015 15019 15021
 15024 15025 15026 15026 15027 15027 15032 15033 15034 15041
 15041 15041 15045 15047 15052 15054 15054 15055 15056 15059
 15060 15060 15065 15068 15069 15077 15080 15082 15086 15087
 15088 15089 15090 15095 15096 15096 15099 15099

Array Size = 54
 16043 16071 16001 16044 16049 16099 16065 16077 16098 16088
 16078 16010 16058 16077 16060 16017 16052 16066 16007 16061
 16055 16021 16056 16045 16062 16093 16080 16013 16013 16030
 16032 16081 16099 16091 16005 16093 16021 16096 16006 16089
 16051 16076 16052 16010 16001 16074 16062 16070 16065 16066
 16025 16005 16063 16022

Array Size = 39
 17001 17008 17011 17013 17013 17014 17016 17025 17027 17028
 17029 17029 17030 17033 17037 17038 17038 17041 17041 17042
 17043 17044 17044 17045 17046 17051 17051 17055 17059 17062
 17065 17066 17068 17070 17072 17079 17086 17093 17098

Array Size = 81
 18022 18073 18029 18063 18082 18084 18016 18084 18070 18030
 18083 18075 18051 18036 18039 18071 18051 18030 18031 18062
 18035 18095 18025 18059 18055 18070 18013 18049 18033 18042
 18083 18091 18000 18008 18084 18020 18025 18047 18074 18060
 18099 18064 18067 18048 18068 18079 18095 18099 18068 18098
 18037 18009 18053 18005 18016 18064 18047 18034 18070 18077
 18093 18050 18088 18088 18076 18091 18083 18063 18072 18091
 18099 18092 18000 18073 18074 18028 18089 18083 18015 18023
 18002

Array Size = 10
 19007 19030 19054 19057 19060 19075 19088 19090 19091 19096


Array Size = 84
 20015 20041 20053 20035 20032 20035 20051 20062 20094 20025
 20033 20065 20010 20011 20088 20092 20042 20059 20055 20011
 20014 20087 20044 20035 20085 20067 20014 20047 20013 20083
 20082 20085 20027 20030 20051 20039 20098 20052 20073 20095
 20011 20073 20013 20031 20021 20056 20091 20081 20042 20039
 20048 20098 20005 20091 20035 20067 20034 20035 20018 20060
 20059 20092 20084 20057 20024 20027 20089 20031 20061 20086
 20068 20068 20082 20083 20004 20045 20091 20019 20058 20050
 20045 20055 20094 20075

Array Size = 82
 21001 21002 21003 21004 21005 21005 21008 21008 21008 21009
 21011 21012 21012 21015 21017 21021 21023 21023 21024 21024
 21027 21028 21029 21029 21029 21030 21031 21031 21032 21035
 21036 21040 21040 21041 21041 21042 21043 21046 21047 21047
 21047 21048 21049 21049 21053 21055 21055 21056 21057 21058
 21059 21061 21062 21062 21064 21065 21065 21067 21068 21069
 21072 21076 21078 21081 21081 21082 21083 21083 21084 21084
 21086 21086 21088 21088 21092 21094 21096 21098 21098 21098
 21099 21099

Array Size = 87
 22043 22056 22044 22057 22053 22097 22029 22059 22017 22076
 22059 22013 22078 22013 22021 22012 22054 22013 22050 22015
 22037 22027 22081 22054 22047 22024 22073 22003 22059 22009
 22081 22099 22066 22049 22053 22036 22020 22060 22062 22070
 22053 22027 22059 22076 22074 22097 22080 22084 22061 22034
 22071 22073 22090 22062 22069 22008 22016 22019 22018 22001
 22076 22007 22076 22012 22075 22004 22001 22040 22038 22053
 22083 22042 22081 22010 22087 22033 22096 22042 22001 22072
 22014 22048 22099 22064 22003 22047 22016

Array Size = 52
 23000 23000 23005 23007 23010 23011 23012 23013 23014 23018
 23020 23024 23024 23025 23031 23032 23033 23034 23034 23034
 23035 23038 23040 23041 23043 23047 23048 23050 23052 23055
 23057 23057 23057 23059 23059 23059 23060 23064 23068 23069
 23077 23078 23081 23082 23083 23085 23085 23085 23090 23091
 23091 23098

Array Size = 89
 24027 24020 24065 24099 24052 24047 24006 24076 24067 24086
 24032 24075 24082 24053 24019 24059 24053 24059 24083 24015
 24096 24003 24092 24053 24042 24042 24038 24001 24057 24036
 24009 24016 24051 24085 24047 24094 24004 24090 24038 24018
 24077 24032 24067 24072 24009 24012 24007 24079 24070 24068
 24098 24048 24054 24009 24077 24091 24066 24033 24008 24093
 24043 24011 24007 24098 24099 24020 24024 24091 24046 24088
 24026 24046 24054 24018 24025 24077 24031 24004 24018 24069
 24068 24071 24083 24020 24002 24062 24050 24048 24010

Array Size = 62
 25000 25001 25002 25003 25004 25004 25004 25009 25009 25015
 25016 25017 25018 25024 25026 25027 25034 25034 25038 25038
 25038 25039 25040 25040 25040 25042 25044 25046 25049 25049
 25050 25051 25052 25052 25053 25054 25056 25058 25060 25062
 25063 25063 25066 25068 25077 25077 25078 25082 25083 25083
 25085 25085 25085 25087 25087 25088 25089 25093 25096 25096
 25099 25099

Array Size = 97
 26020 26036 26018 26015 26067 26076 26090 26065 26039 26079
 26072 26015 26066 26064 26030 26094 26021 26000 26029 26003
 26008 26079 26088 26078 26053 26088 26095 26093 26002 26064
 26066 26004 26033 26071 26034 26000 26008 26059 26036 26033
 26005 26061 26066 26025 26083 26005 26043 26026 26025 26058
 26035 26041 26030 26030 26053 26075 26066 26087 26059 26076
 26049 26010 26027 26091 26074 26015 26091 26093 26001 26017
 26088 26086 26052 26091 26002 26060 26058 26007 26055 26085
 26017 26054 26028 26091 26089 26052 26068 26073 26013 26061
 26072 26037 26066 26029 26016 26064 26054

Array Size = 48
 27000 27004 27005 27005 27007 27010 27010 27011 27015 27017
 27019 27023 27027 27028 27030 27036 27036 27037 27039 27039
 27042 27045 27048 27048 27052 27054 27058 27059 27062 27062
 27063 27066 27068 27071 27072 27073 27075 27076 27076 27083
 27084 27084 27086 27086 27088 27092 27095 27096

Array Size = 29
 28074 28045 28087 28021 28031 28099 28012 28062 28009 28036
 28019 28001 28051 28070 28043 28001 28055 28089 28024 28036
 28076 28022 28011 28053 28040 28042 28021 28033 28042

Array Size = 49
 29000 29000 29001 29004 29007 29008 29009 29010 29011 29017
 29019 29019 29019 29021 29022 29022 29026 29027 29027 29027
 29029 29032 29036 29041 29042 29043 29047 29048 29049 29053
 29057 29059 29062 29064 29064 29067 29069 29071 29073 29076
 29080 29085 29087 29087 29090 29091 29093 29095 29099

Array Size = 46
 30023 30022 30028 30040 30064 30078 30032 30039 30003 30095
 30099 30056 30018 30020 30052 30025 30097 30000 30012 30023
 30071 30002 30034 30020 30006 30051 30027 30083 30045 30034
 30026 30019 30087 30099 30096 30026 30070 30066 30066 30084
 30089 30029 30083 30070 30094 30049

Array Size = 81
 31000 31000 31002 31002 31002 31004 31010 31014 31014 31015
 31017 31018 31018 31021 31022 31024 31025 31026 31028 31030
 31030 31030 31031 31034 31034 31035 31036 31036 31038 31038
 31039 31042 31042 31043 31043 31044 31046 31046 31047 31049
 31049 31050 31052 31053 31054 31056 31056 31056 31056 31057
 31058 31059 31064 31066 31067 31068 31070 31071 31073 31075
 31076 31076 31079 31082 31083 31085 31085 31088 31090 31091
 31091 31093 31093 31094 31094 31094 31094 31095 31096 31097
 31099

Array Size = 46
 32077 32072 32010 32083 32013 32074 32000 32058 32052 32071
 32099 32010 32085 32082 32077 32075 32028 32013 32050 32027
 32092 32079 32065 32024 32033 32083 32033 32043 32042 32011
 32031 32049 32020 32021 32032 32027 32075 32045 32045 32035
 32037 32047 32074 32009 32057 32054

Array Size = 43
 33002 33003 33006 33007 33008 33012 33014 33015 33015 33021
 33021 33021 33022 33023 33024 33024 33037 33037 33041 33044
 33044 33047 33047 33048 33051 33052 33053 33053 33061 33064
 33065 33067 33071 33074 33076 33076 33079 33080 33081 33087
 33089 33091 33094

Array Size = 60
 34045 34062 34085 34050 34038 34024 34022 34059 34015 34097
 34004 34080 34095 34097 34062 34004 34052 34058 34084 34052
 34007 34004 34071 34038 34056 34044 34007 34087 34067 34013
 34054 34083 34064 34065 34070 34007 34025 34089 34006 34080
 34058 34068 34069 34058 34062 34074 34047 34000 34087 34020
 34089 34054 34054 34002 34011 34090 34000 34055 34052 34079


Array Size = 80
 35000 35000 35001 35001 35001 35003 35003 35004 35005 35005
 35007 35009 35011 35019 35019 35020 35021 35021 35021 35023
 35026 35028 35030 35032 35033 35036 35037 35038 35039 35040
 35042 35042 35043 35044 35048 35048 35048 35052 35052 35053
 35055 35055 35057 35057 35058 35060 35062 35062 35062 35062
 35064 35064 35066 35067 35068 35068 35072 35073 35073 35074
 35074 35075 35075 35076 35078 35079 35083 35086 35086 35088
 35089 35092 35093 35094 35095 35095 35095 35097 35099 35099


Array Size = 30
 36070 36001 36055 36095 36043 36053 36035 36028 36049 36007
 36002 36074 36084 36046 36017 36087 36038 36026 36073 36097
 36039 36049 36077 36038 36000 36071 36059 36013 36076 36061


Array Size = 77
 37001 37005 37007 37007 37008 37012 37014 37015 37017 37018
 37018 37020 37021 37021 37022 37022 37025 37027 37028 37028
 37028 37029 37030 37031 37033 37033 37033 37042 37043 37046
 37047 37049 37050 37050 37051 37054 37056 37057 37058 37058
 37058 37059 37060 37060 37063 37063 37064 37065 37066 37066
 37067 37067 37068 37068 37068 37069 37070 37070 37074 37074
 37075 37076 37080 37081 37082 37082 37082 37086 37087 37087
 37093 37095 37096 37097 37098 37099 37099

Array Size = 35
 38019 38010 38061 38063 38077 38065 38019 38058 38074 38025
 38091 38097 38017 38082 38031 38014 38030 38004 38040 38035
 38067 38015 38057 38006 38024 38061 38073 38095 38037 38026
 38004 38006 38022 38055 38042

Array Size = 64
 39000 39001 39002 39002 39002 39006 39008 39016 39016 39016
 39017 39022 39022 39022 39023 39026 39027 39027 39030 39033
 39035 39036 39038 39040 39042 39043 39044 39046 39049 39049
 39050 39052 39055 39055 39055 39057 39059 39060 39062 39065
 39065 39065 39067 39067 39070 39071 39072 39072 39075 39076
 39077 39078 39078 39079 39081 39083 39085 39086 39091 39091
 39093 39093 39098 39099

Array Size = 13
 40050 40020 40093 40052 40076 40097 40027 40058 40078 40011
 40041 40098 40073

Array Size = 72
 41001 41001 41001 41002 41003 41005 41006 41007 41007 41010
 41011 41011 41011 41012 41015 41015 41017 41019 41020 41021
 41023 41023 41024 41028 41029 41030 41032 41033 41036 41036
 41038 41042 41043 41044 41045 41046 41048 41055 41058 41058
 41059 41060 41060 41061 41062 41063 41064 41064 41066 41069
 41069 41070 41071 41072 41072 41072 41078 41078 41079 41080
 41083 41083 41084 41084 41084 41084 41085 41089 41091 41097
 41097 41097

Array Size = 57
 42049 42025 42002 42030 42068 42017 42055 42050 42068 42028
 42078 42091 42086 42089 42048 42089 42067 42060 42045 42022
 42076 42078 42027 42041 42098 42089 42021 42041 42078 42090
 42061 42077 42068 42028 42009 42050 42023 42089 42075 42057
 42076 42055 42019 42039 42048 42017 42089 42053 42091 42098
 42099 42041 42019 42095 42023 42095 42036

Array Size = 52
 43000 43001 43001 43001 43002 43004 43005 43008 43010 43012
 43012 43016 43019 43025 43025 43026 43029 43033 43033 43035
 43036 43037 43038 43039 43041 43041 43042 43048 43049 43052
 43056 43058 43060 43063 43063 43066 43066 43067 43068 43068
 43075 43076 43077 43078 43079 43081 43086 43092 43096 43096
 43097 43099

Array Size = 32
 44081 44071 44098 44002 44069 44012 44024 44043 44000 44019
 44054 44075 44015 44024 44023 44013 44040 44066 44066 44009
 44003 44026 44033 44066 44011 44015 44019 44079 44073 44071
 44035 44007

Array Size = 22
 45012 45015 45022 45023 45028 45030 45034 45042 45042 45044
 45052 45058 45061 45067 45070 45072 45073 45077 45079 45080
 45082 45094

Array Size = 96
 46003 46063 46049 46047 46078 46086 46010 46034 46021 46074
 46024 46099 46091 46086 46093 46049 46070 46001 46044 46044
 46066 46007 46096 46001 46057 46068 46028 46074 46066 46083
 46097 46032 46024 46042 46094 46001 46048 46004 46065 46069
 46089 46007 46083 46052 46066 46019 46014 46090 46037 46087
 46060 46049 46052 46067 46096 46066 46093 46049 46043 46054
 46098 46063 46081 46044 46092 46053 46017 46020 46003 46095
 46028 46013 46019 46042 46022 46054 46085 46035 46073 46022
 46069 46056 46040 46026 46015 46018 46019 46028 46043 46075
 46056 46029 46081 46057 46009 46009

Array Size = 49
 47002 47007 47008 47009 47012 47015 47021 47021 47023 47024
 47024 47032 47037 47038 47042 47044 47049 47049 47049 47055
 47055 47057 47058 47058 47060 47062 47065 47066 47069 47070
 47071 47074 47074 47075 47075 47075 47078 47079 47079 47080
 47081 47082 47083 47083 47091 47093 47096 47098 47098

Array Size = 74
 48015 48080 48070 48026 48000 48039 48006 48092 48018 48094
 48055 48005 48057 48096 48078 48088 48020 48033 48043 48031
 48001 48075 48019 48093 48051 48030 48043 48009 48024 48099
 48077 48008 48063 48091 48025 48053 48027 48056 48011 48063
 48073 48088 48083 48051 48046 48086 48085 48011 48005 48057
 48046 48057 48052 48002 48014 48068 48036 48026 48039 48051
 48058 48064 48018 48075 48055 48096 48089 48028 48047 48031
 48097 48095 48066 48061

Array Size = 25
 49002 49003 49013 49013 49014 49025 49025 49029 49031 49038
 49041 49046 49055 49056 49069 49070 49071 49071 49079 49086
 49088 49089 49090 49093 49099

Array Size = 29
 50045 50012 50036 50012 50001 50089 50053 50009 50079 50063
 50064 50065 50082 50004 50021 50022 50056 50082 50091 50006
 50012 50038 50013 50061 50007 50086 50070 50040 50048

Array Size = 89
 51000 51002 51002 51002 51002 51004 51006 51007 51008 51008
 51009 51009 51009 51009 51010 51010 51012 51014 51016 51017
 51017 51019 51019 51023 51023 51024 51025 51025 51025 51025
 51028 51028 51030 51032 51033 51033 51034 51034 51038 51038
 51040 51042 51043 51045 51047 51047 51047 51048 51048 51049
 51050 51050 51051 51051 51051 51052 51052 51053 51054 51056
 51056 51058 51062 51062 51065 51066 51069 51069 51071 51076
 51076 51077 51080 51080 51083 51085 51088 51088 51090 51091
 51091 51092 51092 51094 51094 51096 51098 51098 51099

Array Size = 91
 52050 52022 52085 52057 52028 52025 52056 52098 52087 52076
 52007 52020 52030 52071 52099 52037 52049 52053 52053 52092
 52040 52012 52054 52086 52031 52052 52096 52050 52008 52087
 52019 52034 52041 52049 52037 52038 52048 52098 52062 52037
 52084 52081 52032 52062 52043 52021 52066 52065 52061 52005
 52084 52021 52094 52011 52042 52068 52070 52086 52092 52029
 52096 52062 52098 52026 52080 52016 52063 52027 52010 52046
 52052 52037 52016 52010 52022 52037 52027 52034 52083 52083
 52049 52000 52017 52039 52033 52047 52007 52055 52020 52017
 52021

Array Size = 37
 53002 53003 53005 53007 53008 53009 53009 53010 53012 53014
 53014 53016 53017 53018 53022 53026 53026 53026 53029 53032
 53034 53042 53048 53053 53054 53054 53061 53062 53067 53067
 53073 53074 53079 53080 53080 53085 53093

Array Size = 74
 54037 54006 54037 54027 54038 54061 54006 54013 54084 54005
 54041 54029 54026 54066 54079 54067 54095 54088 54071 54017
 54003 54075 54026 54095 54006 54046 54033 54002 54097 54096
 54036 54070 54092 54025 54094 54059 54051 54095 54089 54061
 54072 54029 54019 54080 54036 54068 54092 54040 54017 54007
 54058 54069 54035 54023 54087 54085 54014 54044 54022 54020
 54076 54046 54009 54077 54002 54080 54049 54036 54040 54005
 54054 54091 54093 54055

Array Size = 68
 55002 55003 55006 55006 55008 55009 55009 55010 55010 55010
 55011 55011 55013 55014 55018 55020 55022 55022 55025 55025
 55026 55026 55028 55031 55033 55035 55037 55037 55039 55039
 55040 55042 55043 55048 55051 55053 55055 55057 55057 55058
 55060 55061 55061 55062 55062 55063 55068 55071 55072 55074
 55079 55080 55081 55083 55084 55085 55086 55088 55090 55092
 55093 55093 55094 55094 55095 55095 55096 55096

Array Size = 51
 56039 56004 56055 56084 56046 56000 56047 56034 56085 56059
 56084 56065 56041 56044 56012 56084 56089 56021 56096 56070
 56098 56058 56074 56067 56092 56086 56012 56071 56075 56073
 56017 56032 56007 56018 56063 56064 56097 56083 56021 56037
 56072 56079 56005 56096 56006 56084 56090 56083 56062 56038
 56020

Array Size = 55
 57003 57004 57007 57007 57017 57018 57018 57020 57022 57024
 57024 57029 57029 57034 57037 57039 57041 57041 57042 57043
 57044 57044 57044 57045 57045 57048 57051 57052 57055 57055
 57058 57061 57064 57064 57067 57068 57074 57075 57076 57076
 57078 57079 57080 57085 57085 57085 57086 57086 57087 57089
 57093 57094 57095 57095 57098

Array Size = 30
 58051 58088 58091 58030 58093 58042 58084 58028 58030 58084
 58056 58093 58019 58050 58021 58093 58055 58036 58067 58056
 58035 58094 58004 58075 58054 58071 58097 58091 58033 58061


Array Size = 69
 59000 59000 59003 59004 59006 59006 59008 59009 59012 59013
 59017 59020 59021 59022 59023 59023 59024 59026 59026 59026
 59028 59032 59034 59035 59036 59036 59037 59038 59038 59042
 59044 59044 59045 59046 59049 59050 59050 59052 59055 59055
 59061 59063 59064 59068 59068 59069 59069 59073 59074 59074
 59074 59075 59075 59076 59078 59079 59085 59085 59085 59088
 59090 59090 59094 59094 59096 59097 59099 59099 59099

Array Size = 31
 60011 60075 60087 60080 60059 60010 60040 60061 60049 60096
 60025 60027 60038 60044 60071 60079 60090 60012 60099 60009
 60032 60021 60067 60029 60090 60082 60074 60005 60007 60075
 60014

Array Size = 81
 61001 61003 61003 61004 61004 61005 61009 61009 61012 61016
 61019 61019 61020 61023 61024 61026 61027 61027 61028 61028
 61030 61031 61032 61034 61035 61038 61041 61042 61042 61043
 61044 61046 61047 61048 61049 61050 61050 61051 61052 61053
 61053 61054 61055 61056 61057 61057 61057 61058 61061 61062
 61063 61063 61064 61064 61064 61066 61069 61072 61073 61074
 61078 61079 61082 61083 61083 61087 61087 61087 61089 61090
 61091 61091 61092 61093 61094 61094 61096 61097 61098 61098
 61099

Array Size = 66
 62004 62026 62014 62091 62052 62029 62096 62039 62096 62069
 62037 62020 62065 62080 62026 62030 62024 62099 62012 62052
 62084 62046 62016 62045 62015 62006 62085 62025 62086 62026
 62015 62046 62053 62043 62018 62072 62073 62096 62036 62090
 62076 62024 62007 62081 62006 62021 62006 62075 62078 62037
 62066 62089 62033 62003 62092 62037 62092 62000 62033 62071
 62008 62014 62096 62012 62021 62000

Array Size = 84
 63001 63002 63008 63010 63011 63013 63018 63018 63019 63020
 63020 63020 63021 63022 63024 63026 63026 63030 63032 63032
 63033 63034 63037 63037 63037 63037 63038 63038 63038 63042
 63043 63044 63045 63046 63048 63048 63050 63052 63054 63054
 63055 63055 63056 63057 63057 63058 63059 63059 63059 63061
 63061 63061 63062 63062 63062 63065 63065 63065 63066 63067
 63068 63068 63069 63070 63071 63073 63075 63076 63076 63077
 63078 63080 63083 63084 63086 63087 63088 63091 63093 63096
 63096 63096 63098 63099

Array Size = 36
 64022 64075 64077 64071 64009 64070 64014 64012 64031 64075
 64062 64019 64093 64048 64023 64087 64095 64001 64048 64060
 64016 64023 64016 64013 64056 64092 64071 64013 64002 64000
 64058 64085 64072 64000 64003 64038

Array Size = 58
 65000 65003 65004 65005 65005 65008 65010 65010 65012 65013
 65016 65016 65016 65025 65025 65026 65027 65028 65029 65029
 65030 65033 65036 65037 65037 65042 65044 65044 65045 65045
 65053 65054 65055 65057 65062 65063 65064 65064 65067 65067
 65068 65069 65070 65072 65076 65076 65082 65084 65085 65087
 65087 65087 65090 65090 65094 65097 65098 65099

Array Size = 76
 66014 66031 66072 66066 66002 66083 66003 66036 66053 66019
 66062 66036 66076 66075 66086 66011 66095 66028 66040 66036
 66092 66001 66021 66079 66002 66083 66054 66006 66040 66083
 66001 66075 66094 66057 66006 66034 66081 66027 66069 66088
 66034 66075 66070 66068 66049 66048 66055 66069 66079 66058
 66058 66032 66014 66017 66078 66039 66055 66092 66052 66070
 66013 66066 66045 66085 66044 66093 66035 66087 66036 66061
 66007 66057 66035 66039 66044 66014

Array Size = 42
 67002 67005 67006 67010 67012 67017 67017 67024 67026 67028
 67032 67035 67039 67040 67044 67044 67044 67045 67046 67047
 67049 67060 67063 67065 67066 67067 67068 67070 67071 67074
 67075 67076 67078 67080 67084 67086 67090 67093 67096 67097
 67099 67099

Array Size = 84
 68083 68061 68094 68053 68063 68002 68098 68047 68063 68014
 68007 68021 68043 68034 68005 68048 68049 68014 68073 68025
 68097 68057 68081 68089 68000 68035 68057 68080 68068 68081
 68075 68065 68070 68065 68026 68091 68031 68068 68087 68079
 68079 68043 68000 68070 68007 68045 68033 68053 68090 68089
 68056 68085 68063 68066 68064 68032 68009 68020 68097 68085
 68006 68085 68014 68066 68040 68077 68023 68028 68053 68034
 68021 68035 68089 68039 68055 68004 68010 68058 68098 68011
 68011 68096 68060 68093

Array Size = 90
 69000 69002 69003 69003 69004 69006 69006 69007 69008 69011
 69011 69015 69017 69019 69020 69021 69021 69027 69029 69029
 69032 69032 69033 69036 69036 69037 69037 69037 69039 69040
 69041 69041 69042 69042 69043 69043 69048 69048 69048 69049
 69050 69050 69051 69052 69052 69054 69054 69055 69055 69059
 69059 69059 69059 69060 69062 69063 69064 69065 69065 69068
 69068 69069 69070 69072 69074 69076 69078 69082 69083 69085
 69085 69087 69089 69089 69089 69089 69090 69091 69092 69093
 69093 69093 69094 69094 69094 69094 69096 69096 69096 69099


Array Size = 10
 70031 70055 70026 70012 70089 70001 70086 70035 70063 70080


Array Size = 97
 71000 71001 71002 71002 71002 71003 71004 71004 71005 71009
 71010 71011 71012 71012 71014 71014 71016 71016 71018 71018
 71020 71021 71022 71024 71026 71028 71029 71030 71031 71032
 71033 71034 71035 71036 71037 71037 71038 71039 71039 71039
 71039 71040 71040 71043 71043 71045 71048 71048 71049 71049
 71050 71051 71052 71052 71053 71055 71056 71057 71057 71059
 71061 71061 71064 71064 71064 71065 71066 71068 71069 71070
 71070 71070 71070 71073 71073 71074 71075 71077 71077 71078
 71079 71079 71083 71083 71084 71085 71086 71088 71090 71090
 71090 71090 71091 71091 71092 71096 71099

Array Size = 89
 72057 72012 72020 72053 72076 72058 72032 72049 72099 72058
 72011 72072 72096 72055 72006 72077 72031 72029 72061 72021
 72015 72094 72016 72053 72016 72057 72012 72090 72060 72099
 72081 72096 72042 72004 72036 72019 72002 72067 72000 72043
 72007 72012 72093 72059 72085 72030 72094 72072 72083 72078
 72042 72087 72024 72082 72069 72052 72060 72061 72049 72065
 72057 72026 72089 72098 72067 72020 72056 72010 72005 72097
 72025 72070 72072 72069 72050 72044 72081 72000 72023 72027
 72062 72046 72088 72061 72005 72095 72045 72085 72005

Array Size = 98
 73001 73002 73004 73005 73005 73007 73007 73008 73009 73009
 73009 73010 73011 73013 73013 73016 73017 73018 73019 73021
 73021 73021 73025 73025 73029 73029 73030 73031 73032 73033
 73034 73034 73036 73036 73037 73037 73037 73038 73039 73043
 73043 73043 73043 73044 73044 73044 73045 73045 73045 73050
 73052 73053 73054 73056 73058 73058 73059 73059 73060 73060
 73063 73064 73066 73068 73073 73075 73075 73076 73077 73078
 73080 73081 73081 73082 73082 73083 73083 73083 73083 73086
 73087 73087 73087 73088 73088 73090 73093 73093 73094 73094
 73096 73096 73096 73097 73097 73097 73097 73098

Array Size = 48
 74023 74038 74089 74049 74080 74040 74054 74020 74024 74040
 74017 74022 74090 74020 74049 74017 74017 74004 74012 74053
 74006 74018 74053 74072 74012 74032 74074 74032 74012 74041
 74095 74065 74027 74095 74066 74007 74077 74039 74045 74017
 74089 74041 74049 74047 74003 74065 74040 74038

Array Size = 24
 75002 75003 75006 75007 75008 75015 75017 75019 75019 75020
 75028 75029 75048 75050 75054 75056 75065 75070 75073 75075
 75079 75082 75086 75096

Array Size = 51
 76030 76098 76000 76050 76017 76092 76054 76073 76098 76026
 76013 76001 76005 76049 76088 76038 76078 76027 76050 76025
 76087 76015 76032 76010 76066 76024 76034 76017 76007 76064
 76079 76091 76021 76081 76012 76091 76093 76068 76009 76068
 76090 76065 76030 76017 76047 76001 76037 76010 76058 76021
 76083

Array Size = 54
 77000 77001 77002 77004 77007 77009 77009 77009 77013 77013
 77015 77017 77021 77023 77023 77028 77030 77031 77033 77033
 77033 77034 77034 77034 77034 77036 77036 77036 77039 77047
 77049 77050 77050 77054 77054 77056 77057 77067 77068 77068
 77072 77077 77080 77084 77086 77086 77088 77088 77089 77094
 77095 77095 77098 77098

Array Size = 77
 78055 78064 78052 78084 78061 78022 78064 78014 78068 78072
 78005 78052 78081 78055 78006 78040 78018 78005 78098 78039
 78019 78035 78059 78095 78076 78040 78036 78068 78074 78081
 78029 78063 78055 78026 78071 78002 78064 78085 78053 78008
 78053 78086 78039 78044 78072 78083 78073 78067 78093 78044
 78062 78071 78082 78077 78017 78089 78013 78051 78075 78067
 78034 78069 78035 78014 78007 78008 78002 78077 78041 78065
 78031 78047 78009 78013 78026 78026 78039

Array Size = 23
 79001 79001 79001 79002 79012 79025 79028 79029 79030 79037
 79039 79043 79044 79060 79061 79071 79079 79080 79081 79082
 79085 79095 79099

Array Size = 36
 80009 80020 80021 80087 80027 80007 80015 80075 80008 80099
 80059 80043 80006 80056 80099 80002 80004 80041 80059 80013
 80060 80087 80056 80055 80071 80039 80097 80082 80020 80045
 80027 80061 80069 80043 80004 80055

Array Size = 20
 81007 81008 81022 81025 81029 81030 81039 81040 81045 81056
 81058 81063 81069 81082 81084 81091 81096 81096 81096 81099


Array Size = 47
 82069 82052 82087 82086 82016 82016 82093 82087 82034 82081
 82083 82077 82035 82060 82026 82049 82075 82050 82025 82076
 82098 82099 82086 82031 82089 82003 82083 82005 82090 82013
 82034 82003 82063 82067 82089 82071 82042 82001 82038 82017
 82016 82077 82090 82085 82099 82031 82000

Array Size = 63
 83003 83006 83008 83008 83010 83010 83011 83011 83012 83012
 83012 83014 83015 83015 83017 83018 83020 83028 83037 83039
 83040 83042 83042 83048 83048 83049 83049 83050 83052 83057
 83059 83059 83060 83061 83063 83064 83064 83066 83068 83069
 83069 83069 83069 83070 83073 83074 83075 83076 83077 83082
 83083 83083 83085 83086 83089 83090 83091 83093 83093 83095
 83096 83096 83097

Array Size = 60
 84003 84094 84098 84053 84070 84050 84004 84072 84077 84087
 84034 84065 84076 84049 84062 84069 84089 84047 84067 84014
 84064 84097 84046 84023 84028 84085 84068 84023 84023 84007
 84001 84095 84073 84090 84029 84037 84007 84006 84053 84006
 84081 84059 84080 84084 84090 84025 84078 84016 84060 84018
 84069 84030 84048 84026 84074 84091 84051 84037 84002 84006


Array Size = 14
 85012 85015 85017 85024 85046 85050 85057 85058 85060 85061
 85062 85066 85074 85098

Array Size = 85
 86065 86041 86093 86040 86089 86085 86050 86086 86014 86007
 86007 86016 86001 86024 86082 86091 86018 86044 86061 86080
 86060 86046 86074 86099 86062 86087 86021 86043 86092 86014
 86093 86025 86044 86084 86023 86079 86086 86068 86032 86075
 86007 86006 86049 86003 86050 86020 86047 86055 86097 86002
 86051 86066 86001 86054 86096 86097 86030 86006 86052 86090
 86078 86040 86005 86031 86052 86046 86023 86061 86094 86075
 86089 86064 86078 86014 86011 86016 86099 86046 86091 86078
 86051 86026 86044 86027 86068

Array Size = 26
 87000 87014 87021 87026 87030 87036 87039 87039 87042 87049
 87050 87050 87051 87051 87056 87056 87063 87075 87078 87079
 87083 87083 87084 87091 87095 87096

Array Size = 44
 88074 88000 88076 88012 88078 88048 88035 88055 88078 88081
 88056 88004 88079 88045 88044 88000 88015 88001 88089 88068
 88062 88062 88088 88038 88097 88015 88026 88078 88057 88043
 88035 88098 88032 88047 88052 88042 88035 88074 88006 88066
 88083 88042 88064 88024

Array Size = 33
 89001 89003 89006 89008 89010 89015 89017 89023 89024 89028
 89037 89048 89052 89053 89054 89056 89059 89060 89066 89068
 89069 89070 89073 89075 89076 89078 89078 89091 89095 89095
 89097 89098 89098

Array Size = 92
 90017 90016 90058 90095 90027 90069 90027 90046 90096 90057
 90022 90034 90075 90081 90070 90066 90045 90059 90009 90059
 90072 90091 90088 90071 90093 90002 90080 90031 90094 90047
 90077 90001 90038 90022 90069 90023 90061 90092 90007 90014
 90091 90090 90033 90034 90060 90037 90074 90009 90029 90062
 90032 90054 90034 90092 90093 90041 90031 90058 90004 90092
 90060 90045 90071 90031 90032 90098 90043 90035 90068 90036
 90059 90011 90067 90008 90052 90012 90009 90020 90025 90059
 90002 90085 90026 90069 90004 90000 90082 90063 90024 90020
 90061 90053

Array Size = 53
 91000 91000 91003 91008 91010 91013 91015 91016 91017 91019
 91020 91023 91023 91025 91026 91029 91029 91031 91033 91034
 91035 91039 91043 91044 91045 91048 91050 91052 91053 91054
 91055 91055 91056 91057 91062 91063 91064 91064 91064 91070
 91070 91070 91077 91077 91079 91080 91085 91087 91087 91088
 91089 91095 91099

Array Size = 72
 92081 92030 92050 92027 92064 92041 92035 92037 92050 92005
 92038 92093 92028 92094 92081 92048 92020 92057 92043 92014
 92060 92067 92010 92087 92072 92058 92073 92050 92045 92058
 92072 92029 92066 92004 92082 92088 92044 92081 92024 92033
 92040 92024 92005 92058 92043 92016 92062 92065 92066 92097
 92002 92085 92063 92005 92096 92050 92076 92088 92092 92051
 92057 92015 92075 92050 92015 92092 92007 92044 92044 92039
 92022 92077

Array Size = 36
 93015 93018 93024 93027 93030 93030 93030 93031 93032 93037
 93039 93042 93042 93046 93048 93048 93054 93057 93057 93062
 93066 93067 93074 93078 93080 93081 93082 93083 93085 93085
 93089 93089 93092 93095 93096 93097

Array Size = 11
 94028 94015 94085 94065 94002 94079 94046 94056 94013 94042
 94089

Array Size = 70
 95002 95003 95004 95004 95006 95006 95006 95007 95008 95009
 95010 95010 95011 95012 95013 95014 95014 95020 95022 95029
 95030 95031 95031 95033 95036 95036 95037 95038 95039 95039
 95039 95040 95041 95042 95042 95043 95047 95049 95049 95052
 95052 95053 95054 95056 95056 95060 95061 95062 95065 95066
 95067 95067 95071 95074 95077 95077 95078 95083 95083 95084
 95085 95087 95087 95090 95094 95094 95095 95097 95098 95098


Array Size = 10
 96053 96019 96062 96094 96082 96045 96054 96020 96058 96047


Array Size = 79
 97000 97000 97001 97001 97001 97006 97007 97007 97011 97011
 97012 97012 97013 97014 97014 97014 97014 97014 97016 97016
 97017 97019 97019 97020 97022 97024 97026 97027 97028 97036
 97040 97041 97042 97043 97046 97047 97047 97047 97048 97050
 97052 97052 97053 97053 97056 97061 97062 97068 97069 97070
 97070 97071 97073 97077 97077 97078 97078 97079 97080 97082
 97085 97085 97086 97088 97088 97088 97089 97089 97090 97091
 97093 97093 97094 97094 97094 97095 97097 97098 97098

Array Size = 40
 98014 98077 98039 98081 98065 98072 98042 98087 98048 98046
 98063 98069 98084 98029 98059 98048 98023 98089 98089 98085
 98051 98098 98007 98048 98098 98056 98023 98094 98046 98070
 98018 98008 98079 98025 98026 98061 98070 98063 98000 98082


Array Size = 41
 99006 99006 99010 99014 99014 99018 99018 99023 99023 99024
 99025 99027 99033 99034 99045 99046 99046 99050 99052 99053
 99053 99058 99060 99064 99068 99068 99070 99071 99072 99078
 99078 99079 99081 99083 99087 99089 99089 99090 99091 99094
 99099
97068 97068 97069 97070
 97070 97071 97071 97073 97073 97075 97077 97078 97078 97078
 97083 97085 97086 97087 97087 97088 97089 97090 97091 97093
 97093 97095 97095 97095 97096 97099

Array Size = 20
 98095 98028 98088 98095 98073 98046 98027 98072 98061 98052
 98051 98026 98085 98010 98059 98053 98089 98091 98050 98001


Array Size = 19
 99000 99008 99008 99017 99018 99020 99024 99025 99029 99042
 99045 99057 99057 99064 99069 99079 99091 99095 99098
46 97046 97046 97048
 97049 97056 97056 97057 97059 97059 97059 97060 97061 97062
 97062 97062 97063 97064 97065 97066 97069 97070 97073 97073
 97074 97075 97077 97079 97083 97083 97084 97087 97088 97088
 97091 97091 97091 97093 97093 97097

Array Size = 90
 98021 98095 98099 98020 98035 98044 98019 98033 98073 98031
 98060 98013 98006 98095 98003 98024 98093 98070 98005 98060
 98013 98040 98017 98002 98086 98029 98085 98009 98012 98015
 98088 98072 98046 98081 98011 98091 98044 98027 98066 98028
 98067 98044 98003 98074 98089 98036 98027 98060 98065 98094
 98056 98042 98010 98074 98009 98046 98062 98016 98055 98092
 98086 98039 98065 98069 98005 98057 98057 98013 98099 98021
 98037 98095 98062 98048 98058 98029 98002 98089 98073 98076
 98032 98054 98016 98030 98037 98076 98000 98095 98018 98071


Array Size = 57
 99004 99010 99011 99013 99014 99016 99017 99019 99019 99020
 99021 99022 99028 99028 99029 99029 99030 99030 99031 99031
 99034 99038 99039 99039 99042 99042 99044 99045 99047 99048
 99052 99052 99053 99054 99055 99055 99056 99057 99058 99062
 99063 99068 99071 99074 99079 99080 99080 99081 99081 99081
 99082 99086 99088 99089 99092 99092 99097
99019 99020 99021 99022 99023 99028 99030
 99031 99031 99032 99032 99032 99033 99035 99036 99037 99037
 99038 99038 99039 99039 99042 99044 99044 99044 99047 99048
 99049 99049 99050 99051 99051 99051 99052 99052 99052 99052
 99052 99053 99054 99054 99055 99055 99055 99056 99056 99056
 99057 99058 99059 99059 99060 99061 99064 99064 99066 99067
 99067 99068 99069 99072 99074 99076 99076 99077 99078 99084
 99084 99086 99090 99091 99091 99094 99095 99099 99099 99099

