
Array Size = 44
    36    55    62    42    71    53    88    54    56    13
    15    50    98    98    68    43    97    66    30    97
    90    22    14    11    26    90    65    71    87    33
    53    21    19    84    83    26    94     1    67     6
    66    86    76    70

Array Size = 65
  1002  1002  1003  1003  1005  1006  1008  1009  1010  1011
  1012  1012  1012  1015  1017  1020  1020  1020  1025  1025
  1029  1029  1032  1032  1033  1035  1036  1040  1042  1046
  1046  1047  1048  1049  1049  1052  1053  1053  1054  1055
  1055  1056  1057  1057  1058  1059  1063  1063  1064  1067
  1073  1073  1074  1076  1082  1083  1084  1088  1088  1090
  1091  1093  1093  1094  1096

Array Size = 85
  2037  2002  2073  2013  2066  2024  2056  2001  2071  2015
  2061  2061  2040  2054  2017  2076  2053  2070  2054  2057
  2016  2043  2058  2063  2027  2012  2031  2055  2072  2042
  2015  2085  2000  2046  2058  2061  2077  2028  2082  2060
  2084  2038  2041  2001  2015  2024  2018  2021  2043  2079
  2037  2039  2008  2034  2068  2024  2023  2058  2094  2061
  2004  2080  2094  2065  2066  2096  2089  2066  2060  2094
  2007  2008  2053  2024  2095  2096  2082  2016  2044  2025
  2086  2051  2034  2052  2035

Array Size = 42
  3001  3001  3007  3007  3010  3020  3020  3022  3023  3024
  3030  3031  3034  3035  3039  3042  3046  3048  3049  3051
  3052  3053  3055  3060  3061  3063  3064  3067  3068  3068
  3071  3075  3079  3079  3082  3086  3087  3087  3089  3090
  3092  3095

Array Size = 17
  4020  4047  4084  4018  4028  4099  4095  4048  4033  4027
  4017  4025  4029  4009  4024  4088  4088

Array Size = 71
  5000  5001  5001  5002  5003  5004  5004  5006  5013  5013
  5014  5014  5015  5016  5017  5018  5018  5019  5020  5023
  5026  5027  5028  5029  5029  5032  5032  5032  5033  5033
  5039  5039  5039  5040  5040  5042  5042  5043  5043  5044
  5045  5047  5051  5052  5053  5058  5060  5062  5062  5064
  5064  5068  5068  5073  5075  5075  5077  5078  5081  5083
  5086  5087  5088  5088  5090  5090  5096  5096  5096  5098
  5098

Array Size = 82
  6066  6041  6047  6061  6061  6037  6047  6028  6026  6003
  6033  6065  6030  6089  6046  6057  6046  6093  6033  6082
  6081  6015  6001  6073  6042  6005  6097  6072  6019  6050
  6095  6002  6055  6036  6038  6032  6036  6051  6076  6054
  6092  6064  6044  6031  6069  6007  6047  6014  6078  6067
  6058  6037  6081  6055  6015  6046  6054  6014  6011  6015
  6009  6043  6099  6006  6082  6019  6058  6050  6003  6003
  6074  6044  6075  6024  6047  6089  6002  6008  6076  6035
  6034  6070

Array Size = 87
  7001  7002  7002  7003  7003  7004  7007  7009  7010  7011
  7011  7012  7013  7017  7019  7019  7021  7022  7023  7024
  7024  7025  7027  7030  7031  7036  7037  7038  7038  7039
  7039  7040  7041  7041  7042  7042  7043  7047  7048  7048
  7050  7051  7051  7052  7054  7058  7062  7065  7067  7068
  7068  7068  7069  7069  7070  7070  7071  7072  7073  7074
  7074  7075  7075  7075  7075  7075  7077  7077  7078  7079
  7079  7081  7083  7085  7086  7086  7088  7089  7091  7092
  7093  7095  7095  7096  7096  7096  7097

Array Size = 50
  8004  8001  8078  8034  8097  8049  8053  8071  8003  8039
  8068  8043  8027  8063  8083  8070  8039  8071  8015  8014
  8083  8009  8088  8029  8070  8060  8007  8038  8058  8065
  8035  8028  8040  8087  8056  8051  8029  8069  8061  8004
  8006  8083  8078  8023  8013  8044  8088  8054  8000  8059


Array Size = 74
  9003  9003  9004  9005  9006  9008  9008  9008  9008  9010
  9013  9013  9015  9018  9020  9023  9023  9027  9028  9030
  9030  9031  9032  9034  9035  9036  9037  9037  9039  9041
  9042  9043  9043  9044  9045  9048  9050  9052  9055  9055
  9056  9057  9057  9060  9062  9065  9065  9065  9069  9069
  9069  9069  9070  9071  9074  9075  9076  9078  9079  9081
  9083  9083  9083  9083  9088  9089  9090  9091  9091  9093
  9094  9094  9095  9096

Array Size = 27
 10023 10081 10038 10069 10059 10067 10054 10096 10009 10038
 10009 10093 10010 10096 10010 10030 10017 10027 10040 10018
 10047 10018 10033 10049 10086 10041 10028

Array Size = 85
 11000 11001 11002 11003 11003 11006 11007 11008 11009 11011
 11013 11014 11015 11016 11022 11026 11027 11030 11030 11031
 11033 11033 11034 11034 11034 11035 11036 11038 11038 11040
 11040 11042 11043 11045 11046 11047 11048 11049 11049 11051
 11055 11055 11057 11058 11060 11062 11063 11065 11067 11067
 11070 11070 11070 11071 11072 11072 11073 11073 11074 11077
 11078 11078 11079 11080 11081 11081 11081 11082 11085 11086
 11088 11089 11089 11089 11090 11090 11092 11092 11092 11092
 11093 11094 11096 11097 11098

Array Size = 25
 12020 12045 12003 12073 12073 12095 12057 12009 12098 12081
 12019 12013 12030 12042 12080 12032 12049 12087 12012 12052
 12028 12025 12090 12021 12088

Array Size = 41
 13002 13003 13005 13008 13008 13008 13016 13017 13019 13023
 13027 13029 13032 13032 13032 13033 13040 13042 13042 13046
 13049 13055 13056 13057 13063 13075 13075 13078 13079 13081
 13090 13092 13092 13094 13096 13096 13097 13097 13098 13098
 13099

Array Size = 25
 14099 14051 14042 14072 14000 14041 14003 14011 14093 14072
 14068 14079 14053 14069 14081 14018 14072 14093 14015 14080
 14029 14039 14052 14037 14032

Array Size = 11
 15002 15010 15011 15020 15037 15038 15040 15044 15044 15048
 15079

Array Size = 83
 16084 16015 16054 16051 16071 16025 16005 16029 16024 16040
 16065 16064 16073 16088 16056 16093 16059 16014 16048 16090
 16041 16044 16061 16097 16042 16004 16075 16028 16000 16080
 16043 16015 16071 16064 16030 16034 16053 16061 16088 16065
 16003 16067 16063 16074 16084 16022 16045 16078 16064 16010
 16025 16050 16004 16086 16077 16087 16020 16097 16024 16088
 16053 16020 16062 16027 16076 16048 16076 16046 16094 16076
 16035 16015 16074 16029 16025 16098 16048 16008 16043 16038
 16051 16087 16058

Array Size = 77
 17001 17002 17006 17007 17007 17009 17010 17011 17013 17013
 17015 17016 17017 17018 17018 17020 17023 17023 17023 17024
 17026 17026 17027 17028 17029 17030 17031 17032 17034 17035
 17036 17038 17039 17039 17040 17041 17043 17043 17045 17050
 17051 17052 17054 17056 17056 17059 17059 17061 17061 17063
 17063 17065 17066 17066 17068 17072 17072 17074 17077 17077
 17078 17079 17080 17081 17082 17088 17089 17089 17090 17091
 17091 17092 17093 17094 17098 17099 17099

Array Size = 11
 18094 18032 18048 18083 18077 18049 18062 18050 18067 18044
 18047

Array Size = 97
 19000 19000 19001 19002 19003 19004 19005 19007 19008 19009
 19010 19011 19011 19012 19014 19016 19016 19017 19017 19018
 19018 19019 19019 19020 19024 19027 19027 19028 19029 19032
 19034 19034 19034 19037 19038 19040 19041 19044 19046 19048
 19048 19048 19049 19049 19049 19050 19051 19051 19054 19056
 19059 19061 19061 19062 19063 19064 19064 19064 19064 19064
 19065 19066 19067 19067 19067 19072 19073 19074 19075 19075
 19077 19078 19079 19079 19080 19082 19083 19084 19084 19086
 19087 19087 19088 19089 19090 19090 19090 19091 19093 19093
 19094 19096 19096 19096 19097 19098 19099

Array Size = 73
 20005 20061 20067 20076 20056 20005 20009 20020 20090 20016
 20021 20060 20063 20076 20093 20014 20037 20070 20083 20054
 20036 20082 20031 20085 20087 20078 20084 20008 20035 20042
 20057 20063 20062 20083 20037 20043 20087 20054 20038 20044
 20004 20000 20023 20027 20032 20060 20064 20093 20070 20016
 20014 20028 20009 20079 20099 20078 20038 20035 20050 20022
 20063 20031 20023 20042 20022 20099 20094 20034 20089 20062
 20050 20062 20066

Array Size = 18
 21004 21019 21020 21030 21032 21039 21042 21042 21043 21075
 21077 21080 21093 21094 21094 21096 21096 21099

Array Size = 49
 22076 22015 22080 22075 22089 22030 22002 22062 22013 22090
 22042 22029 22003 22055 22075 22057 22097 22030 22059 22015
 22038 22019 22065 22002 22071 22036 22030 22065 22068 22049
 22091 22092 22098 22053 22069 22099 22048 22008 22010 22010
 22027 22085 22014 22091 22082 22086 22068 22057 22098

Array Size = 71
 23001 23002 23003 23005 23005 23006 23008 23009 23011 23014
 23016 23016 23018 23020 23021 23024 23025 23027 23029 23032
 23032 23034 23034 23035 23036 23037 23041 23045 23046 23048
 23049 23050 23051 23051 23052 23054 23057 23058 23059 23060
 23060 23060 23061 23063 23064 23066 23066 23066 23067 23068
 23068 23070 23070 23071 23072 23073 23073 23073 23080 23082
 23085 23088 23089 23090 23091 23092 23092 23094 23096 23096
 23096

Array Size = 41
 24075 24092 24031 24032 24006 24054 24050 24015 24054 24018
 24025 24058 24080 24033 24025 24024 24040 24051 24079 24002
 24082 24069 24048 24093 24040 24095 24046 24008 24076 24055
 24013 24002 24044 24059 24015 24086 24027 24001 24016 24063
 24025

Array Size = 24
 25006 25008 25010 25011 25013 25014 25022 25023 25025 25038
 25041 25041 25042 25053 25057 25070 25074 25078 25080 25082
 25086 25093 25093 25098

Array Size = 42
 26097 26062 26073 26058 26056 26043 26052 26081 26025 26003
 26045 26090 26003 26054 26048 26055 26046 26062 26003 26019
 26082 26043 26089 26013 26016 26014 26028 26066 26050 26040
 26019 26089 26076 26003 26054 26017 26027 26069 26064 26059
 26035 26089

Array Size = 60
 27000 27003 27003 27006 27006 27011 27011 27014 27015 27015
 27018 27018 27020 27021 27022 27029 27032 27032 27032 27033
 27035 27036 27039 27040 27041 27042 27046 27047 27047 27051
 27052 27053 27054 27054 27054 27061 27061 27061 27062 27063
 27063 27069 27071 27072 27073 27073 27074 27075 27076 27079
 27082 27082 27086 27088 27090 27091 27095 27096 27097 27099


Array Size = 93
 28081 28030 28047 28066 28099 28031 28073 28069 28014 28051
 28090 28093 28093 28009 28015 28009 28029 28078 28053 28032
 28003 28021 28062 28069 28012 28092 28036 28071 28082 28049
 28013 28061 28007 28005 28030 28029 28015 28040 28068 28046
 28015 28037 28020 28006 28046 28059 28005 28037 28075 28000
 28011 28059 28025 28013 28063 28000 28090 28074 28097 28054
 28059 28068 28009 28026 28026 28084 28013 28027 28054 28025
 28095 28087 28099 28029 28019 28032 28053 28032 28066 28094
 28031 28018 28085 28086 28006 28018 28011 28054 28068 28059
 28036 28045 28066

Array Size = 88
 29001 29005 29005 29008 29010 29010 29010 29010 29012 29013
 29015 29015 29016 29016 29016 29019 29020 29021 29023 29025
 29026 29028 29030 29030 29030 29030 29031 29033 29034 29037
 29039 29039 29043 29044 29045 29046 29047 29050 29055 29056
 29058 29058 29059 29060 29062 29063 29063 29063 29065 29065
 29066 29066 29066 29067 29068 29069 29069 29069 29071 29072
 29072 29072 29072 29073 29073 29074 29074 29075 29076 29077
 29079 29080 29081 29081 29081 29081 29082 29083 29084 29085
 29087 29092 29092 29093 29095 29096 29097 29097

Array Size = 47
 30087 30017 30003 30069 30096 30068 30084 30091 30095 30055
 30028 30099 30007 30041 30078 30060 30091 30039 30071 30089
 30099 30061 30031 30068 30094 30093 30035 30053 30019 30033
 30009 30028 30005 30049 30057 30036 30030 30053 30059 30018
 30073 30036 30029 30082 30027 30070 30002

Array Size = 49
 31005 31007 31011 31011 31014 31018 31020 31023 31025 31026
 31032 31036 31037 31039 31040 31041 31046 31047 31048 31048
 31050 31051 31053 31054 31055 31055 31059 31059 31062 31062
 31063 31065 31065 31069 31074 31077 31078 31082 31083 31083
 31084 31085 31085 31086 31087 31091 31093 31097 31098

Array Size = 99
 32012 32093 32042 32056 32004 32033 32044 32040 32055 32071
 32063 32026 32039 32062 32031 32052 32086 32097 32023 32058
 32051 32086 32023 32071 32060 32020 32084 32098 32069 32045
 32060 32001 32093 32059 32042 32089 32013 32054 32024 32085
 32009 32047 32063 32021 32027 32086 32015 32061 32069 32060
 32020 32070 32007 32059 32095 32091 32040 32062 32085 32024
 32017 32046 32093 32099 32084 32085 32028 32093 32073 32053
 32094 32092 32051 32029 32034 32092 32097 32090 32011 32094
 32098 32036 32093 32003 32006 32066 32005 32090 32002 32091
 32001 32086 32075 32030 32069 32086 32033 32009 32083

Array Size = 80
 33000 33002 33004 33005 33005 33006 33007 33008 33009 33009
 33010 33013 33014 33015 33015 33016 33018 33021 33023 33024
 33026 33027 33027 33029 33030 33030 33032 33036 33038 33039
 33039 33040 33044 33044 33045 33046 33047 33049 33049 33050
 33050 33051 33052 33054 33058 33059 33060 33062 33066 33067
 33067 33068 33070 33070 33071 33071 33072 33073 33073 33076
 33077 33077 33078 33079 33081 33082 33083 33083 33084 33085
 33086 33086 33088 33089 33089 33089 33092 33093 33093 33096


Array Size = 37
 34023 34025 34019 34019 34021 34064 34000 34086 34097 34058
 34027 34076 34072 34007 34090 34037 34065 34064 34013 34010
 34001 34091 34068 34052 34073 34039 34043 34099 34021 34078
 34003 34020 34078 34051 34025 34005 34050

Array Size = 35
 35001 35004 35011 35012 35016 35016 35017 35020 35020 35022
 35029 35035 35037 35037 35037 35038 35042 35047 35047 35048
 35048 35056 35061 35073 35074 35075 35077 35079 35081 35084
 35086 35086 35090 35091 35096

Array Size = 79
 36070 36024 36053 36032 36049 36094 36025 36039 36014 36046
 36068 36089 36005 36094 36029 36056 36008 36039 36045 36053
 36050 36035 36070 36062 36063 36063 36013 36053 36023 36098
 36024 36024 36012 36075 36044 36019 36008 36054 36051 36026
 36043 36030 36008 36007 36009 36033 36049 36058 36054 36048
 36029 36052 36066 36001 36072 36073 36072 36059 36064 36008
 36046 36064 36009 36076 36007 36073 36083 36031 36043 36009
 36098 36006 36026 36094 36039 36045 36012 36081 36021

Array Size = 89
 37001 37005 37008 37010 37011 37012 37012 37013 37014 37015
 37015 37015 37015 37015 37016 37016 37016 37017 37020 37023
 37024 37025 37026 37027 37027 37032 37032 37032 37038 37039
 37040 37040 37040 37040 37044 37044 37045 37045 37048 37049
 37052 37053 37053 37053 37055 37055 37056 37057 37059 37059
 37059 37060 37060 37061 37061 37064 37066 37066 37066 37067
 37069 37069 37070 37071 37072 37074 37074 37074 37075 37077
 37077 37078 37078 37079 37079 37080 37083 37086 37086 37087
 37088 37091 37091 37092 37095 37097 37098 37099 37099

Array Size = 22
 38002 38095 38052 38045 38046 38094 38078 38038 38071 38063
 38090 38044 38086 38029 38042 38079 38000 38034 38012 38063
 38082 38054

Array Size = 63
 39000 39003 39006 39009 39013 39013 39014 39020 39020 39020
 39023 39025 39028 39030 39031 39032 39033 39033 39034 39035
 39036 39038 39039 39040 39040 39041 39042 39043 39043 39051
 39053 39054 39054 39054 39054 39055 39056 39057 39059 39059
 39060 39062 39063 39063 39064 39068 39068 39071 39071 39079
 39079 39080 39081 39082 39085 39085 39086 39086 39090 39094
 39097 39098 39098

Array Size = 77
 40023 40030 40038 40075 40049 40070 40043 40008 40040 40069
 40070 40032 40037 40015 40053 40065 40088 40014 40022 40034
 40039 40071 40045 40031 40039 40038 40026 40080 40094 40046
 40057 40003 40081 40069 40076 40026 40023 40079 40096 40081
 40007 40045 40024 40028 40003 40028 40014 40056 40096 40039
 40023 40055 40011 40081 40086 40089 40069 40001 40088 40084
 40059 40080 40034 40039 40057 40041 40014 40030 40033 40055
 40043 40033 40082 40064 40044 40048 40077

Array Size = 20
 41000 41001 41007 41008 41018 41020 41022 41027 41028 41034
 41036 41041 41043 41046 41068 41070 41077 41084 41094 41099


Array Size = 90
 42040 42049 42001 42064 42024 42041 42023 42063 42015 42069
 42097 42099 42022 42027 42023 42036 42021 42015 42078 42093
 42063 42045 42028 42020 42001 42005 42003 42085 42055 42049
 42064 42006 42064 42078 42037 42018 42089 42073 42017 42017
 42083 42082 42030 42015 42073 42010 42082 42024 42014 42050
 42042 42020 42017 42000 42084 42030 42050 42026 42017 42070
 42053 42004 42047 42075 42065 42077 42099 42058 42068 42009
 42077 42077 42025 42085 42090 42095 42030 42063 42087 42069
 42065 42032 42068 42068 42072 42079 42040 42087 42080 42000


Array Size = 41
 43000 43001 43001 43003 43007 43008 43013 43014 43015 43017
 43018 43018 43021 43022 43023 43025 43029 43031 43034 43045
 43048 43053 43053 43054 43059 43061 43067 43068 43068 43071
 43073 43073 43074 43075 43081 43083 43083 43085 43092 43099
 43099

Array Size = 95
 44046 44068 44023 44057 44054 44092 44055 44028 44033 44055
 44052 44031 44022 44099 44034 44076 44055 44091 44058 44081
 44097 44011 44044 44071 44007 44035 44088 44081 44031 44010
 44018 44002 44067 44017 44068 44050 44029 44065 44050 44034
 44033 44079 44027 44022 44026 44035 44003 44051 44083 44071
 44099 44082 44087 44025 44017 44019 44075 44010 44076 44024
 44048 44020 44094 44080 44036 44002 44040 44059 44068 44034
 44045 44045 44076 44036 44031 44051 44034 44065 44099 44085
 44067 44055 44015 44017 44062 44003 44097 44071 44066 44006
 44041 44065 44008 44004 44067

Array Size = 72
 45001 45002 45002 45006 45007 45007 45008 45008 45009 45009
 45011 45012 45012 45014 45014 45014 45016 45017 45018 45019
 45019 45022 45026 45026 45027 45029 45032 45033 45035 45035
 45040 45041 45041 45042 45043 45044 45047 45048 45051 45051
 45052 45053 45059 45060 45062 45064 45064 45064 45066 45069
 45070 45072 45077 45077 45078 45079 45080 45081 45082 45083
 45083 45084 45084 45084 45085 45087 45088 45095 45095 45096
 45096 45097

Array Size = 21
 46097 46064 46092 46032 46029 46056 46095 46038 46040 46085
 46062 46053 46066 46068 46078 46036 46014 46014 46041 46032
 46054

Array Size = 64
 47002 47003 47004 47005 47009 47010 47012 47016 47017 47018
 47024 47025 47028 47028 47030 47033 47035 47036 47037 47038
 47039 47041 47043 47043 47043 47045 47047 47048 47048 47050
 47051 47051 47051 47051 47051 47055 47055 47058 47059 47061
 47061 47065 47065 47068 47069 47071 47072 47072 47074 47076
 47077 47079 47083 47084 47084 47086 47089 47091 47093 47095
 47095 47096 47097 47099

Array Size = 90
 48046 48020 48090 48052 48011 48050 48025 48037 48019 48068
 48051 48039 48088 48083 48042 48055 48000 48044 48092 48050
 48011 48093 48050 48074 48071 48079 48078 48043 48038 48094
 48094 48040 48089 48026 48014 48009 48032 48028 48043 48027
 48066 48056 48065 48027 48026 48040 48034 48071 48022 48061
 48036 48007 48071 48071 48001 48038 48086 48047 48085 48083
 48025 48017 48084 48014 48081 48028 48052 48015 48090 48085
 48013 48071 48047 48065 48071 48064 48064 48074 48008 48042
 48049 48068 48091 48059 48037 48058 48092 48018 48063 48056


Array Size = 68
 49002 49005 49006 49006 49007 49008 49009 49011 49013 49016
 49016 49017 49018 49020 49021 49022 49025 49026 49028 49031
 49039 49040 49040 49041 49041 49042 49042 49043 49043 49044
 49045 49046 49047 49048 49050 49051 49053 49054 49057 49057
 49058 49059 49059 49063 49064 49065 49066 49068 49069 49070
 49072 49072 49074 49076 49079 49081 49083 49084 49085 49085
 49088 49091 49091 49091 49093 49097 49098 49099

Array Size = 66
 50090 50014 50072 50036 50013 50082 50017 50011 50084 50012
 50031 50026 50074 50047 50061 50045 50088 50007 50068 50069
 50087 50038 50023 50079 50032 50033 50057 50017 50087 50089
 50086 50025 50007 50004 50034 50072 50052 50052 50014 50065
 50014 50090 50012 50062 50017 50046 50034 50038 50052 50079
 50002 50067 50006 50037 50029 50022 50019 50010 50071 50061
 50043 50010 50081 50048 50024 50020

Array Size = 96
 51000 51000 51001 51002 51002 51002 51003 51005 51005 51008
 51008 51008 51009 51010 51010 51012 51012 51012 51013 51013
 51014 51017 51017 51017 51018 51018 51019 51020 51021 51022
 51023 51026 51027 51028 51029 51030 51033 51033 51033 51034
 51035 51036 51038 51038 51039 51041 51043 51043 51044 51046
 51046 51047 51048 51049 51052 51054 51056 51058 51059 51059
 51061 51063 51064 51065 51066 51067 51067 51068 51069 51071
 51071 51072 51073 51074 51075 51075 51076 51077 51078 51080
 51082 51085 51085 51087 51088 51091 51092 51093 51093 51094
 51095 51096 51097 51097 51098 51099

Array Size = 64
 52064 52088 52080 52008 52075 52007 52003 52009 52098 52083
 52041 52070 52043 52022 52006 52089 52012 52057 52015 52058
 52008 52038 52044 52063 52095 52063 52092 52050 52064 52046
 52020 52052 52086 52014 52025 52076 52028 52082 52024 52036
 52074 52097 52099 52016 52049 52045 52098 52041 52038 52052
 52076 52004 52082 52032 52063 52086 52048 52050 52012 52054
 52035 52062 52002 52089

Array Size = 23
 53008 53017 53024 53028 53030 53035 53043 53048 53053 53063
 53072 53073 53077 53080 53086 53087 53089 53089 53090 53090
 53092 53096 53097

Array Size = 95
 54076 54094 54020 54042 54017 54080 54045 54030 54055 54088
 54038 54007 54039 54026 54096 54039 54010 54097 54079 54077
 54066 54075 54052 54058 54047 54029 54036 54089 54052 54067
 54038 54038 54015 54030 54033 54062 54047 54032 54037 54072
 54025 54088 54072 54064 54037 54074 54076 54005 54065 54085
 54032 54080 54070 54087 54011 54067 54018 54089 54072 54066
 54058 54057 54070 54049 54065 54096 54017 54045 54088 54011
 54041 54088 54059 54011 54035 54087 54092 54039 54094 54034
 54095 54055 54032 54095 54042 54039 54001 54098 54034 54074
 54027 54009 54081 54059 54083

Array Size = 36
 55000 55000 55006 55009 55012 55014 55015 55017 55018 55021
 55023 55030 55031 55034 55035 55036 55038 55040 55041 55046
 55050 55050 55052 55053 55058 55061 55065 55071 55076 55078
 55081 55083 55086 55090 55096 55098

Array Size = 34
 56093 56095 56022 56068 56001 56069 56052 56022 56051 56035
 56014 56093 56055 56095 56042 56055 56082 56009 56036 56085
 56030 56040 56006 56029 56038 56059 56083 56098 56019 56083
 56066 56058 56080 56082

Array Size = 92
 57000 57001 57004 57007 57010 57011 57013 57015 57016 57016
 57016 57017 57018 57018 57019 57020 57020 57026 57027 57028
 57028 57028 57029 57031 57032 57032 57033 57034 57035 57037
 57037 57038 57038 57038 57040 57041 57042 57042 57043 57044
 57048 57050 57050 57052 57052 57054 57054 57054 57055 57056
 57058 57059 57059 57061 57062 57062 57063 57064 57065 57065
 57067 57069 57070 57070 57072 57073 57073 57076 57077 57080
 57080 57081 57083 57083 57084 57084 57084 57089 57090 57090
 57090 57091 57094 57094 57095 57095 57095 57096 57096 57097
 57099 57099

Array Size = 76
 58023 58090 58031 58087 58011 58089 58058 58058 58041 58046
 58089 58028 58094 58045 58003 58093 58002 58023 58060 58039
 58083 58030 58001 58048 58074 58014 58081 58014 58022 58010
 58072 58038 58050 58091 58056 58022 58089 58012 58013 58032
 58024 58007 58073 58088 58056 58083 58000 58038 58041 58095
 58072 58079 58006 58033 58040 58006 58038 58038 58074 58004
 58082 58082 58075 58076 58083 58059 58050 58061 58099 58003
 58051 58044 58075 58009 58009 58094

Array Size = 48
 59000 59002 59005 59006 59008 59012 59013 59015 59017 59018
 59021 59021 59023 59023 59023 59023 59025 59029 59032 59032
 59032 59035 59037 59038 59041 59045 59046 59048 59048 59050
 59051 59052 59055 59057 59057 59057 59058 59062 59062 59067
 59068 59072 59074 59077 59082 59086 59095 59095

Array Size = 86
 60048 60045 60087 60014 60069 60039 60058 60042 60097 60003
 60093 60031 60094 60097 60006 60024 60013 60052 60083 60078
 60041 60043 60098 60048 60009 60031 60006 60069 60025 60075
 60025 60073 60099 60091 60057 60017 60055 60010 60031 60039
 60014 60042 60034 60074 60027 60057 60063 60060 60056 60001
 60013 60060 60046 60075 60064 60002 60029 60077 60038 60036
 60071 60037 60081 60000 60031 60033 60065 60092 60002 60013
 60017 60064 60097 60066 60097 60034 60080 60024 60035 60082
 60094 60061 60050 60009 60097 60015

Array Size = 54
 61000 61008 61009 61012 61014 61014 61015 61017 61022 61023
 61024 61026 61036 61036 61037 61038 61040 61041 61041 61041
 61045 61046 61046 61047 61048 61050 61050 61051 61052 61055
 61056 61061 61062 61063 61064 61069 61069 61071 61071 61072
 61073 61074 61075 61079 61080 61081 61081 61081 61084 61087
 61089 61094 61096 61099

Array Size = 85
 62015 62055 62029 62004 62009 62094 62090 62092 62081 62039
 62065 62035 62072 62094 62077 62097 62090 62034 62067 62090
 62016 62012 62032 62087 62047 62063 62059 62020 62090 62065
 62086 62027 62007 62037 62004 62025 62026 62030 62017 62032
 62075 62019 62035 62065 62043 62011 62084 62043 62036 62055
 62008 62064 62020 62097 62084 62062 62083 62059 62047 62080
 62096 62020 62056 62058 62046 62010 62072 62074 62071 62070
 62085 62093 62068 62024 62063 62069 62026 62010 62070 62044
 62001 62010 62013 62001 62083

Array Size = 31
 63001 63005 63008 63013 63013 63014 63018 63018 63021 63022
 63031 63032 63034 63034 63035 63037 63043 63043 63050 63054
 63061 63062 63075 63076 63077 63081 63083 63086 63087 63089
 63091

Array Size = 21
 64077 64037 64027 64091 64014 64012 64050 64027 64002 64061
 64044 64068 64033 64021 64064 64087 64089 64086 64042 64043
 64043

Array Size = 80
 65006 65007 65007 65007 65007 65009 65011 65012 65012 65013
 65014 65015 65016 65016 65017 65018 65018 65020 65021 65023
 65026 65027 65027 65027 65027 65028 65028 65029 65029 65029
 65030 65030 65031 65032 65034 65034 65039 65039 65040 65042
 65045 65045 65045 65046 65048 65050 65051 65051 65056 65057
 65059 65061 65064 65065 65066 65067 65067 65070 65071 65071
 65073 65074 65075 65076 65084 65085 65085 65090 65090 65092
 65093 65094 65094 65094 65097 65097 65097 65098 65099 65099


Array Size = 39
 66018 66043 66086 66070 66037 66052 66032 66011 66037 66021
 66056 66032 66020 66095 66048 66059 66062 66053 66030 66014
 66036 66023 66029 66003 66008 66038 66012 66065 66071 66000
 66020 66020 66042 66097 66049 66087 66053 66014 66043

Array Size = 38
 67003 67008 67009 67013 67020 67021 67022 67024 67024 67024
 67032 67036 67038 67040 67040 67042 67045 67047 67049 67050
 67057 67058 67060 67071 67075 67078 67081 67082 67086 67088
 67090 67091 67094 67095 67098 67098 67098 67099

Array Size = 57
 68036 68068 68037 68059 68055 68015 68042 68095 68017 68067
 68018 68075 68095 68047 68071 68076 68028 68007 68003 68097
 68012 68005 68099 68094 68039 68038 68069 68018 68083 68070
 68077 68061 68026 68027 68031 68032 68058 68027 68025 68017
 68074 68040 68078 68015 68050 68031 68068 68054 68049 68076
 68026 68051 68066 68021 68097 68022 68020

Array Size = 99
 69001 69002 69003 69003 69004 69004 69006 69007 69007 69011
 69012 69013 69017 69018 69020 69021 69022 69022 69024 69024
 69024 69026 69027 69027 69028 69030 69031 69031 69031 69032
 69035 69035 69037 69038 69040 69041 69041 69042 69045 69049
 69051 69053 69053 69053 69053 69056 69056 69056 69057 69057
 69059 69060 69060 69060 69061 69062 69063 69063 69064 69064
 69065 69066 69066 69068 69069 69069 69070 69072 69072 69072
 69073 69073 69074 69074 69075 69076 69077 69077 69078 69080
 69082 69082 69086 69087 69087 69088 69089 69090 69091 69092
 69093 69093 69094 69096 69098 69098 69099 69099 69099

Array Size = 15
 70083 70061 70069 70047 70068 70049 70076 70099 70007 70039
 70051 70098 70088 70028 70018

Array Size = 25
 71000 71009 71010 71015 71016 71016 71017 71022 71024 71027
 71035 71039 71041 71045 71052 71056 71060 71063 71082 71083
 71086 71088 71095 71098 71099

Array Size = 18
 72062 72073 72035 72028 72088 72030 72015 72055 72075 72044
 72079 72012 72040 72087 72092 72022 72087 72021

Array Size = 99
 73001 73002 73003 73004 73004 73005 73006 73008 73009 73011
 73011 73012 73013 73013 73013 73014 73015 73015 73016 73017
 73018 73019 73019 73021 73022 73022 73022 73023 73026 73028
 73030 73030 73031 73033 73034 73034 73035 73037 73038 73040
 73040 73041 73041 73041 73042 73042 73043 73043 73045 73045
 73046 73047 73049 73050 73051 73051 73053 73056 73056 73057
 73057 73059 73060 73061 73063 73066 73068 73069 73069 73070
 73071 73073 73075 73075 73076 73076 73079 73080 73081 73081
 73082 73083 73083 73084 73087 73088 73088 73089 73090 73093
 73093 73093 73095 73095 73096 73098 73098 73099 73099

Array Size = 26
 74071 74006 74026 74026 74031 74022 74039 74047 74059 74064
 74087 74095 74034 74021 74093 74084 74025 74093 74003 74089
 74046 74034 74088 74060 74091 74014

Array Size = 50
 75000 75002 75003 75004 75006 75008 75009 75010 75011 75013
 75014 75016 75017 75024 75024 75026 75026 75029 75029 75029
 75034 75034 75037 75039 75041 75043 75048 75050 75053 75059
 75060 75061 75063 75063 75065 75066 75067 75071 75072 75072
 75073 75075 75079 75080 75087 75091 75094 75095 75095 75098


Array Size = 63
 76050 76075 76027 76052 76021 76010 76096 76049 76086 76024
 76028 76040 76048 76073 76038 76090 76013 76082 76043 76074
 76083 76070 76035 76083 76003 76020 76001 76048 76067 76095
 76016 76019 76030 76003 76094 76047 76009 76062 76038 76050
 76052 76095 76069 76031 76094 76033 76088 76023 76069 76075
 76029 76051 76006 76058 76067 76045 76060 76072 76047 76010
 76058 76000 76088

Array Size = 59
 77000 77001 77003 77005 77005 77005 77008 77009 77010 77011
 77012 77012 77012 77014 77016 77022 77024 77027 77031 77032
 77034 77036 77041 77042 77043 77043 77046 77047 77048 77049
 77049 77050 77053 77060 77061 77062 77063 77066 77071 77073
 77073 77074 77075 77078 77079 77081 77081 77082 77082 77084
 77084 77089 77091 77092 77093 77096 77097 77097 77097

Array Size = 92
 78087 78003 78022 78047 78011 78055 78068 78013 78061 78084
 78088 78031 78008 78076 78002 78018 78006 78064 78029 78098
 78086 78015 78005 78069 78002 78091 78031 78020 78054 78061
 78054 78068 78081 78016 78087 78099 78080 78057 78067 78063
 78067 78009 78023 78015 78045 78080 78051 78061 78051 78084
 78099 78054 78049 78021 78084 78064 78007 78076 78099 78017
 78073 78018 78012 78085 78070 78062 78056 78070 78006 78061
 78090 78070 78007 78061 78027 78076 78056 78028 78052 78075
 78015 78011 78049 78047 78013 78038 78095 78077 78027 78097
 78042 78089

Array Size = 45
 79002 79004 79006 79008 79012 79013 79013 79020 79020 79023
 79025 79027 79027 79028 79039 79041 79043 79044 79046 79046
 79047 79048 79059 79063 79066 79067 79067 79068 79070 79073
 79074 79075 79077 79079 79080 79081 79082 79085 79086 79086
 79088 79089 79089 79093 79097

Array Size = 88
 80009 80051 80001 80098 80030 80062 80079 80030 80083 80005
 80009 80021 80056 80002 80084 80093 80033 80018 80094 80095
 80046 80015 80054 80095 80075 80052 80016 80060 80072 80079
 80077 80064 80016 80070 80094 80055 80052 80049 80089 80036
 80083 80086 80097 80024 80079 80066 80075 80009 80098 80039
 80037 80057 80038 80043 80061 80069 80034 80008 80045 80060
 80030 80056 80079 80033 80041 80044 80067 80020 80009 80067
 80044 80042 80094 80000 80026 80063 80070 80059 80085 80084
 80017 80067 80071 80015 80077 80094 80075 80086

Array Size = 55
 81001 81001 81002 81004 81008 81008 81011 81014 81017 81022
 81023 81024 81026 81026 81027 81028 81030 81031 81032 81036
 81039 81039 81041 81043 81045 81046 81047 81047 81050 81051
 81051 81053 81053 81058 81061 81061 81064 81067 81071 81072
 81073 81075 81077 81079 81080 81081 81081 81082 81083 81086
 81089 81089 81095 81098 81099

Array Size = 66
 82055 82009 82098 82064 82059 82021 82005 82057 82021 82016
 82031 82038 82079 82062 82042 82011 82092 82089 82052 82088
 82075 82026 82098 82080 82056 82037 82004 82062 82081 82051
 82044 82013 82019 82016 82056 82019 82093 82042 82090 82015
 82043 82062 82031 82079 82095 82045 82047 82091 82024 82060
 82033 82000 82076 82087 82056 82015 82016 82064 82020 82089
 82041 82038 82078 82027 82097 82092

Array Size = 88
 83000 83000 83000 83002 83003 83003 83003 83003 83005 83007
 83010 83010 83011 83011 83012 83014 83014 83014 83015 83016
 83017 83017 83020 83021 83022 83022 83023 83024 83025 83025
 83028 83030 83034 83034 83036 83040 83041 83041 83042 83043
 83045 83047 83047 83047 83047 83048 83049 83051 83052 83052
 83052 83053 83055 83056 83058 83058 83060 83060 83061 83061
 83062 83063 83065 83065 83067 83067 83068 83068 83068 83070
 83071 83073 83074 83074 83074 83075 83077 83080 83082 83084
 83089 83091 83092 83094 83095 83096 83097 83097

Array Size = 27
 84022 84064 84083 84084 84003 84009 84084 84046 84072 84083
 84017 84085 84087 84084 84023 84053 84090 84020 84051 84082
 84058 84025 84031 84063 84094 84019 84059

Array Size = 99
 85000 85001 85002 85003 85007 85008 85011 85011 85012 85012
 85015 85015 85018 85021 85021 85022 85022 85023 85024 85025
 85026 85027 85028 85029 85030 85030 85031 85032 85033 85033
 85034 85035 85036 85037 85037 85041 85041 85042 85045 85045
 85048 85051 85052 85053 85054 85054 85054 85055 85055 85056
 85056 85056 85058 85058 85058 85061 85061 85062 85063 85063
 85067 85067 85068 85069 85070 85070 85071 85073 85074 85075
 85076 85078 85079 85079 85080 85082 85083 85083 85083 85084
 85084 85084 85085 85086 85086 85087 85088 85089 85090 85090
 85091 85092 85092 85093 85095 85095 85095 85099 85099

Array Size = 54
 86023 86077 86076 86004 86021 86039 86009 86097 86000 86029
 86081 86052 86084 86015 86060 86085 86079 86037 86024 86038
 86004 86083 86050 86016 86005 86052 86011 86071 86003 86034
 86021 86070 86027 86027 86051 86053 86003 86021 86003 86066
 86094 86094 86007 86012 86056 86039 86026 86081 86037 86001
 86015 86090 86091 86005

Array Size = 70
 87000 87000 87000 87002 87004 87004 87004 87005 87006 87008
 87009 87010 87010 87010 87013 87015 87020 87022 87024 87025
 87028 87029 87030 87033 87036 87037 87037 87038 87041 87041
 87043 87043 87044 87044 87045 87046 87047 87048 87048 87049
 87050 87056 87057 87058 87060 87062 87062 87063 87063 87064
 87064 87064 87069 87069 87070 87070 87073 87073 87076 87080
 87081 87085 87085 87087 87088 87089 87091 87096 87097 87099


Array Size = 12
 88049 88015 88021 88020 88069 88097 88031 88021 88007 88025
 88061 88092

Array Size = 55
 89000 89000 89000 89005 89008 89012 89013 89017 89018 89023
 89024 89024 89027 89029 89031 89031 89033 89033 89036 89036
 89037 89037 89041 89042 89042 89043 89046 89055 89055 89056
 89057 89058 89060 89064 89064 89064 89065 89065 89067 89068
 89069 89069 89074 89078 89079 89085 89086 89087 89089 89089
 89091 89094 89097 89098 89098

Array Size = 85
 90027 90000 90001 90074 90028 90001 90009 90062 90067 90003
 90071 90079 90026 90091 90077 90039 90080 90025 90020 90026
 90042 90059 90026 90026 90044 90041 90083 90006 90079 90098
 90095 90010 90022 90030 90013 90035 90094 90028 90010 90096
 90090 90094 90009 90076 90067 90098 90069 90050 90027 90023
 90083 90049 90064 90025 90070 90022 90036 90069 90057 90050
 90030 90049 90020 90076 90087 90027 90081 90082 90047 90039
 90052 90007 90077 90073 90016 90093 90078 90003 90033 90032
 90048 90008 90095 90047 90021

Array Size = 30
 91000 91000 91005 91006 91009 91010 91011 91014 91014 91016
 91023 91025 91030 91035 91044 91048 91054 91055 91056 91060
 91062 91063 91064 91072 91077 91080 91081 91086 91090 91094


Array Size = 61
 92080 92015 92061 92059 92012 92011 92005 92099 92068 92096
 92022 92099 92020 92039 92098 92080 92015 92068 92072 92079
 92010 92063 92039 92065 92054 92090 92050 92088 92078 92039
 92024 92056 92076 92079 92065 92091 92046 92083 92020 92085
 92048 92099 92094 92014 92028 92036 92062 92057 92045 92066
 92003 92081 92095 92005 92071 92014 92099 92031 92062 92095
 92051

Array Size = 15
 93005 93009 93012 93031 93035 93056 93060 93067 93070 93072
 93078 93079 93081 93097 93097

Array Size = 62
 94006 94009 94086 94053 94066 94083 94053 94094 94065 94008
 94011 94004 94064 94083 94054 94056 94069 94005 94021 94040
 94048 94009 94087 94087 94077 94090 94084 94010 94012 94041
 94081 94036 94088 94076 94078 94030 94020 94029 94016 94026
 94056 94075 94031 94000 94000 94013 94032 94061 94098 94084
 94052 94036 94016 94080 94027 94047 94019 94030 94029 94039
 94010 94041

Array Size = 41
 95003 95004 95004 95006 95010 95014 95015 95019 95019 95023
 95023 95024 95027 95030 95030 95031 95039 95042 95042 95043
 95043 95043 95046 95047 95055 95055 95061 95062 95065 95065
 95067 95071 95076 95078 95078 95082 95086 95089 95089 95091
 95096

Array Size = 32
 96014 96098 96082 96062 96071 96099 96096 96073 96039 96073
 96096 96040 96022 96068 96020 96034 96093 96003 96039 96024
 96059 96048 96039 96019 96096 96054 96007 96049 96018 96058
 96061 96006

Array Size = 19
 97000 97012 97021 97024 97028 97028 97029 97031 97036 97042
 97055 97059 97064 97065 97078 97083 97083 97085 97089

Array Size = 56
 98016 98095 98062 98070 98057 98061 98028 98091 98035 98070
 98049 98081 98026 98022 98013 98040 98001 98025 98093 98045
 98037 98098 98028 98006 98040 98088 98086 98058 98023 98027
 98015 98008 98011 98018 98007 98067 98047 98088 98040 98085
 98048 98049 98033 98092 98023 98031 98059 98068 98063 98040
 98002 98002 98071 98093 98016 98056

Array Size = 80
 99002 99003 99003 99004 99006 99007 99008 99009 99009 99009
 99012 99013 99013 99015 99017 99021 99021 99022 99023 99024
 99025 99025 99026 99027 99027 99028 99029 99032 99032 99036
 99037 99038 99040 99042 99042 99042 99045 99046 99049 99050
 99051 99052 99054 99056 99056 99057 99057 99060 99060 99061
 99061 99062 99062 99063 99065 99067 99068 99069 99071 99071
 99076 99078 99078 99081 99082 99083 99083 99084 99084 99085
 99087 99089 99090 99090 99093 99094 99095 99097 99098 99098

7 98031 98068 98045 98075 98001 98049
 98096 98082 98009 98002 98052 98072 98057 98082 98089 98045
 98068 98071 98038 98049 98031 98007 98058 98069 98042 98020
 98022 98087 98065 98006 98060 98062 98081 98018 98093 98085
 98085 98056 98017 98010 98040 98040 98057 98081 98019 98065
 98091 98093 98075 98093 98003 98042 98052 98029 98036 98000
 98029 98064 98024 98015 98031 98014 98004 98078 98021 98071
 98057 98013 98047 98043 98028 98040 98021 98074 98034 98054
 98006 98030 98029 98033 98056 98006 98091 98019 98024 98059
 98075 98069 98032 98060

Array Size = 36
 99001 99004 99009 99009 99009 99009 99013 99017 99023 99025
 99029 99029 99031 99033 99034 99041 99052 99053 99054 99055
 99058 99059 99060 99062 99064 99074 99079 99084 99086 99087
 99088 99091 99093 99093 99094 99098
56 98096 98065 98042 98035 98085 98091 98099
 98079 98007 98013 98062 98073 98027 98023 98004 98029 98079
 98067 98095 98036 98056 98026 98023 98055 98006 98080 98063
 98013 98009 98041 98086 98074 98012 98070 98069 98044 98080
 98072 98089 98009 98018 98084 98092 98070 98061 98090 98067
 98090 98047 98034 98023 98096 98043

Array Size = 82
 99000 99002 99003 99003 99003 99007 99008 99009 99010 99012
 99013 99015 99015 99015 99016 99017 99018 99019 99020 99021
 99021 99022 99023 99024 99024 99026 99026 99026 99029 99031
 99031 99033 99034 99034 99036 99037 99037 99039 99041 99042
 99042 99043 99044 99044 99047 99048 99048 99050 99053 99056
 99056 99056 99057 99058 99059 99061 99063 99063 99064 99065
 99069 99071 99072 99073 99075 99076 99077 99082 99083 99085
 99089 99090 99090 99091 99092 99093 99094 99094 99095 99098
 99098 99099
088 99090 99091
 99093 99095 99095 99096 99096 99097 99099 99099
