
Array Size = 72
    69    56    58    51    20    84    46    65    98    79
     4    41    19    79    95     7    17    26    39    90
    81    55    91    62    58    74    63    19    20    54
    68    35    81    76    15    97    83     7    61    58
    45    87    26    55    59    79     5    28    81    38
    57    37    36    87    91    19    14    69    32    98
    16    27    62    91    77    40    53    32    44     6
    36     1

Array Size = 75
  1000  1000  1000  1003  1007  1008  1010  1010  1011  1014
  1014  1015  1019  1020  1020  1021  1022  1025  1028  1029
  1030  1030  1030  1033  1033  1034  1035  1036  1038  1038
  1038  1042  1042  1043  1043  1046  1049  1050  1051  1055
  1056  1057  1057  1057  1058  1058  1059  1059  1059  1061
  1061  1064  1065  1065  1066  1067  1068  1069  1074  1075
  1076  1076  1077  1080  1083  1084  1089  1091  1092  1094
  1095  1097  1097  1098  1098

Array Size = 84
  2019  2008  2015  2018  2064  2048  2089  2008  2029  2033
  2021  2088  2012  2040  2003  2088  2059  2007  2098  2088
  2099  2084  2038  2062  2071  2005  2090  2015  2002  2076
  2077  2067  2033  2050  2063  2071  2026  2049  2073  2024
  2022  2095  2094  2068  2012  2016  2021  2089  2020  2023
  2022  2022  2008  2098  2056  2099  2098  2039  2024  2070
  2008  2007  2003  2057  2018  2082  2010  2007  2018  2041
  2046  2014  2075  2069  2088  2086  2001  2097  2055  2018
  2043  2055  2033  2098

Array Size = 66
  3000  3001  3002  3003  3003  3004  3007  3007  3008  3008
  3009  3010  3011  3012  3014  3014  3018  3025  3025  3026
  3026  3027  3029  3030  3032  3032  3035  3037  3041  3045
  3047  3048  3049  3050  3052  3056  3059  3059  3064  3064
  3065  3065  3066  3066  3068  3070  3072  3075  3075  3077
  3078  3078  3080  3081  3085  3085  3085  3085  3086  3087
  3091  3091  3093  3096  3098  3099

Array Size = 91
  4014  4001  4005  4027  4020  4026  4033  4025  4035  4084
  4079  4067  4085  4096  4033  4016  4036  4063  4075  4090
  4055  4040  4070  4079  4000  4025  4060  4084  4038  4083
  4021  4048  4060  4051  4019  4068  4029  4069  4072  4078
  4008  4001  4088  4012  4027  4006  4033  4098  4004  4046
  4007  4098  4027  4084  4069  4094  4097  4042  4023  4048
  4097  4008  4078  4021  4078  4098  4054  4084  4028  4018
  4024  4067  4042  4067  4077  4059  4095  4014  4021  4060
  4053  4070  4078  4053  4034  4045  4028  4094  4071  4003
  4039

Array Size = 18
  5006  5012  5027  5034  5034  5039  5056  5060  5061  5062
  5063  5064  5068  5073  5076  5077  5084  5099

Array Size = 40
  6072  6043  6084  6006  6096  6037  6083  6083  6032  6032
  6093  6086  6005  6032  6012  6089  6092  6061  6059  6010
  6030  6028  6098  6081  6023  6070  6006  6075  6044  6048
  6086  6045  6010  6054  6025  6032  6022  6056  6063  6083


Array Size = 40
  7000  7001  7001  7002  7011  7014  7024  7026  7034  7034
  7035  7036  7046  7048  7049  7049  7052  7052  7059  7059
  7059  7059  7060  7062  7063  7068  7069  7082  7083  7084
  7084  7087  7087  7088  7090  7090  7090  7091  7093  7097


Array Size = 26
  8075  8040  8033  8053  8074  8044  8023  8052  8082  8088
  8062  8055  8091  8060  8054  8086  8068  8058  8026  8000
  8089  8037  8008  8029  8006  8084

Array Size = 88
  9001  9002  9002  9004  9005  9007  9008  9008  9009  9009
  9009  9011  9011  9011  9015  9016  9017  9019  9024  9025
  9025  9029  9031  9033  9034  9035  9035  9037  9037  9039
  9039  9041  9041  9042  9043  9044  9044  9044  9045  9046
  9047  9047  9048  9052  9052  9054  9054  9055  9056  9057
  9059  9065  9065  9068  9068  9069  9069  9070  9072  9072
  9075  9076  9076  9077  9077  9078  9079  9080  9081  9081
  9081  9082  9082  9083  9083  9084  9085  9086  9087  9088
  9089  9089  9091  9092  9092  9097  9097  9099

Array Size = 52
 10076 10024 10014 10036 10064 10044 10018 10088 10072 10005
 10032 10067 10039 10070 10089 10013 10016 10026 10098 10072
 10051 10045 10038 10085 10021 10049 10052 10010 10095 10054
 10062 10094 10094 10023 10090 10014 10045 10080 10055 10034
 10096 10071 10093 10098 10082 10080 10054 10024 10099 10088
 10043 10093

Array Size = 54
 11000 11004 11005 11007 11010 11014 11015 11018 11020 11021
 11022 11027 11031 11032 11033 11036 11038 11040 11041 11041
 11047 11048 11050 11051 11053 11054 11054 11056 11057 11057
 11061 11061 11062 11062 11062 11063 11068 11070 11071 11075
 11079 11079 11080 11080 11080 11080 11081 11085 11089 11092
 11095 11098 11098 11099

Array Size = 87
 12004 12014 12073 12017 12092 12061 12026 12044 12065 12052
 12010 12035 12091 12017 12008 12044 12096 12088 12045 12075
 12091 12052 12027 12060 12001 12014 12086 12081 12030 12009
 12091 12036 12037 12074 12030 12065 12013 12025 12026 12038
 12002 12010 12051 12079 12098 12063 12069 12023 12064 12031
 12050 12037 12080 12082 12037 12071 12062 12061 12040 12033
 12076 12008 12063 12083 12093 12010 12043 12080 12055 12014
 12096 12075 12008 12001 12099 12035 12009 12037 12095 12092
 12008 12054 12072 12020 12083 12034 12069

Array Size = 43
 13000 13003 13005 13006 13007 13009 13010 13015 13016 13018
 13031 13034 13036 13036 13037 13040 13043 13044 13047 13047
 13052 13053 13059 13062 13064 13065 13066 13070 13071 13072
 13073 13074 13074 13075 13077 13078 13088 13089 13089 13092
 13094 13097 13099

Array Size = 14
 14031 14052 14041 14008 14072 14057 14067 14072 14020 14048
 14033 14091 14060 14082

Array Size = 68
 15008 15008 15009 15009 15010 15014 15018 15020 15020 15021
 15023 15024 15025 15026 15027 15027 15030 15033 15036 15036
 15039 15041 15044 15046 15047 15047 15049 15049 15053 15055
 15055 15056 15056 15057 15057 15058 15059 15059 15061 15061
 15063 15063 15064 15064 15064 15067 15068 15070 15072 15073
 15073 15075 15075 15075 15079 15080 15081 15083 15085 15087
 15088 15088 15089 15090 15095 15097 15098 15099

Array Size = 70
 16088 16074 16068 16010 16032 16011 16024 16010 16082 16052
 16081 16010 16025 16091 16083 16046 16017 16034 16001 16042
 16003 16032 16067 16062 16030 16038 16041 16081 16018 16087
 16053 16025 16097 16025 16058 16071 16034 16050 16021 16038
 16019 16046 16003 16045 16075 16013 16062 16088 16085 16065
 16080 16015 16060 16092 16010 16017 16044 16015 16020 16075
 16051 16046 16017 16017 16058 16004 16035 16093 16010 16060


Array Size = 18
 17004 17010 17010 17012 17018 17033 17033 17047 17060 17062
 17062 17067 17068 17078 17079 17089 17092 17092

Array Size = 69
 18054 18080 18085 18057 18036 18038 18061 18026 18039 18079
 18074 18091 18072 18010 18057 18041 18043 18075 18045 18026
 18058 18025 18061 18076 18020 18018 18044 18046 18086 18068
 18028 18090 18042 18083 18057 18033 18004 18087 18012 18052
 18059 18062 18098 18000 18067 18099 18026 18006 18033 18051
 18029 18052 18018 18012 18085 18052 18098 18016 18014 18076
 18073 18070 18079 18069 18017 18026 18037 18084 18086

Array Size = 25
 19008 19008 19012 19013 19020 19034 19035 19035 19040 19040
 19041 19041 19051 19053 19054 19054 19056 19058 19074 19076
 19076 19076 19082 19086 19093

Array Size = 96
 20033 20056 20030 20017 20052 20063 20013 20048 20073 20005
 20035 20069 20033 20067 20064 20044 20068 20083 20094 20099
 20056 20090 20028 20071 20014 20065 20077 20013 20036 20049
 20014 20020 20046 20017 20011 20018 20067 20008 20035 20077
 20079 20015 20074 20040 20024 20008 20024 20091 20065 20019
 20077 20093 20044 20093 20009 20032 20088 20044 20061 20072
 20069 20030 20035 20078 20087 20096 20008 20097 20003 20007
 20076 20020 20059 20013 20041 20012 20073 20019 20029 20024
 20043 20012 20093 20006 20026 20097 20049 20039 20067 20032
 20019 20085 20010 20003 20008 20078

Array Size = 63
 21000 21002 21002 21008 21009 21009 21010 21011 21011 21012
 21012 21012 21013 21014 21015 21016 21018 21020 21020 21021
 21023 21025 21028 21029 21030 21033 21034 21042 21045 21049
 21052 21052 21052 21052 21053 21054 21054 21055 21056 21059
 21060 21062 21067 21068 21068 21069 21070 21071 21072 21072
 21076 21078 21078 21079 21080 21081 21086 21086 21086 21090
 21091 21092 21095

Array Size = 22
 22054 22086 22045 22046 22005 22095 22082 22058 22042 22005
 22073 22079 22091 22057 22088 22050 22004 22038 22093 22022
 22027 22056

Array Size = 53
 23000 23000 23003 23003 23004 23005 23005 23006 23008 23009
 23010 23010 23011 23011 23012 23012 23012 23014 23016 23017
 23023 23023 23027 23028 23028 23041 23044 23045 23045 23050
 23050 23050 23056 23056 23057 23058 23060 23060 23063 23066
 23069 23073 23073 23078 23081 23083 23083 23083 23088 23091
 23093 23098 23099

Array Size = 31
 24000 24023 24020 24068 24057 24042 24041 24092 24070 24055
 24042 24041 24072 24072 24023 24088 24025 24088 24040 24084
 24088 24052 24089 24066 24019 24038 24011 24017 24065 24083
 24094

Array Size = 72
 25000 25001 25003 25007 25007 25009 25009 25010 25011 25018
 25020 25021 25021 25022 25023 25025 25027 25029 25031 25034
 25037 25038 25041 25044 25045 25047 25048 25050 25050 25051
 25057 25060 25062 25064 25064 25065 25067 25067 25067 25068
 25068 25068 25070 25071 25073 25073 25073 25074 25074 25075
 25076 25077 25078 25079 25080 25080 25081 25082 25083 25083
 25085 25090 25092 25092 25093 25093 25095 25095 25096 25098
 25099 25099

Array Size = 35
 26076 26045 26089 26082 26031 26063 26028 26076 26004 26030
 26004 26005 26016 26099 26017 26074 26081 26064 26028 26021
 26013 26099 26094 26041 26057 26030 26003 26032 26098 26082
 26065 26073 26081 26089 26002

Array Size = 82
 27000 27001 27003 27004 27006 27007 27008 27009 27009 27010
 27010 27012 27014 27017 27018 27020 27021 27021 27021 27022
 27022 27022 27022 27023 27023 27024 27025 27027 27027 27027
 27028 27028 27028 27029 27030 27030 27031 27031 27033 27033
 27035 27036 27038 27040 27042 27042 27043 27044 27044 27047
 27047 27047 27048 27051 27051 27051 27056 27059 27065 27067
 27067 27068 27070 27073 27074 27075 27076 27076 27078 27082
 27082 27083 27086 27088 27089 27089 27090 27090 27091 27094
 27095 27099

Array Size = 37
 28021 28057 28000 28083 28029 28071 28095 28043 28020 28050
 28032 28043 28032 28089 28002 28089 28011 28040 28054 28007
 28085 28077 28016 28061 28051 28082 28052 28001 28013 28040
 28016 28079 28045 28012 28065 28085 28062

Array Size = 17
 29005 29006 29009 29012 29023 29026 29027 29034 29037 29049
 29055 29057 29058 29072 29083 29087 29089

Array Size = 70
 30052 30026 30031 30081 30056 30098 30047 30068 30055 30014
 30091 30084 30075 30035 30051 30084 30098 30050 30003 30058
 30038 30011 30037 30099 30033 30042 30001 30093 30098 30051
 30065 30020 30061 30084 30096 30011 30095 30082 30023 30098
 30076 30080 30042 30003 30029 30061 30019 30045 30029 30058
 30037 30068 30066 30012 30023 30011 30078 30006 30072 30062
 30076 30061 30062 30005 30001 30073 30067 30049 30008 30099


Array Size = 87
 31000 31000 31000 31001 31001 31003 31004 31005 31005 31006
 31006 31006 31007 31007 31007 31009 31011 31012 31012 31014
 31014 31016 31016 31017 31017 31017 31017 31020 31023 31026
 31026 31027 31028 31030 31032 31036 31036 31038 31039 31039
 31040 31047 31047 31049 31050 31056 31057 31060 31061 31061
 31062 31063 31064 31065 31065 31067 31070 31070 31073 31074
 31074 31075 31078 31078 31079 31081 31082 31082 31082 31085
 31086 31087 31088 31088 31090 31090 31091 31092 31094 31095
 31096 31097 31098 31098 31098 31099 31099

Array Size = 98
 32037 32055 32032 32006 32056 32061 32012 32018 32046 32042
 32079 32082 32027 32048 32096 32030 32095 32044 32024 32029
 32019 32037 32047 32043 32030 32085 32073 32079 32053 32020
 32047 32073 32030 32026 32079 32020 32017 32072 32013 32028
 32085 32019 32043 32080 32089 32034 32019 32088 32039 32097
 32060 32025 32099 32007 32091 32027 32059 32012 32063 32044
 32055 32049 32017 32062 32030 32094 32076 32043 32006 32037
 32098 32094 32052 32029 32011 32016 32007 32085 32050 32028
 32006 32098 32068 32034 32041 32077 32018 32037 32046 32046
 32003 32069 32088 32039 32018 32097 32007 32096

Array Size = 99
 33001 33001 33002 33003 33003 33004 33004 33005 33005 33006
 33006 33008 33009 33010 33010 33013 33014 33015 33015 33016
 33016 33017 33018 33020 33020 33020 33020 33021 33022 33024
 33026 33026 33027 33028 33028 33029 33030 33030 33031 33032
 33036 33039 33039 33040 33041 33043 33044 33044 33045 33046
 33047 33047 33047 33047 33048 33049 33049 33052 33054 33054
 33056 33056 33057 33059 33062 33064 33067 33068 33068 33068
 33068 33069 33069 33071 33073 33073 33073 33074 33076 33076
 33077 33079 33080 33080 33081 33081 33082 33083 33086 33086
 33089 33089 33090 33090 33092 33094 33098 33099 33099

Array Size = 96
 34002 34035 34043 34028 34034 34067 34067 34091 34055 34057
 34092 34072 34000 34002 34075 34004 34006 34062 34054 34066
 34072 34009 34039 34029 34061 34065 34023 34027 34017 34005
 34094 34052 34018 34071 34065 34066 34011 34092 34060 34080
 34027 34003 34087 34042 34041 34084 34091 34078 34028 34067
 34059 34010 34018 34057 34010 34013 34038 34002 34034 34034
 34037 34092 34072 34089 34050 34096 34058 34095 34052 34024
 34069 34083 34004 34060 34000 34096 34064 34056 34099 34001
 34006 34062 34044 34015 34023 34005 34022 34068 34023 34010
 34051 34030 34066 34064 34051 34026

Array Size = 96
 35000 35001 35002 35003 35003 35003 35005 35005 35007 35007
 35007 35008 35009 35010 35010 35013 35015 35015 35015 35017
 35018 35019 35019 35021 35027 35029 35032 35032 35032 35034
 35036 35038 35039 35040 35040 35041 35042 35042 35044 35044
 35047 35047 35047 35047 35049 35050 35051 35052 35052 35054
 35054 35054 35057 35058 35059 35059 35059 35063 35063 35066
 35067 35067 35068 35071 35071 35072 35072 35072 35074 35074
 35075 35075 35078 35078 35079 35081 35081 35082 35082 35084
 35085 35086 35087 35089 35089 35091 35091 35091 35091 35092
 35093 35094 35095 35097 35098 35099

Array Size = 46
 36002 36000 36073 36029 36055 36075 36041 36019 36021 36090
 36082 36062 36082 36035 36079 36046 36056 36052 36063 36085
 36016 36005 36083 36069 36038 36023 36044 36046 36008 36026
 36077 36091 36090 36076 36005 36011 36063 36034 36033 36017
 36010 36058 36073 36010 36048 36020

Array Size = 46
 37000 37003 37008 37011 37014 37024 37025 37031 37032 37034
 37037 37041 37047 37048 37052 37052 37055 37055 37058 37062
 37063 37071 37073 37074 37074 37076 37077 37078 37079 37079
 37081 37082 37082 37084 37085 37085 37085 37086 37088 37092
 37093 37095 37096 37097 37098 37099

Array Size = 13
 38057 38012 38064 38018 38021 38071 38006 38040 38098 38081
 38094 38009 38065

Array Size = 79
 39001 39002 39003 39003 39005 39006 39008 39009 39009 39012
 39014 39014 39015 39018 39019 39020 39020 39022 39026 39027
 39028 39030 39030 39032 39032 39035 39036 39036 39037 39037
 39041 39042 39042 39045 39046 39047 39048 39049 39049 39051
 39054 39055 39055 39056 39057 39058 39059 39060 39060 39061
 39062 39063 39063 39063 39063 39064 39067 39070 39071 39073
 39076 39076 39077 39078 39081 39084 39084 39085 39085 39085
 39086 39087 39090 39093 39097 39098 39098 39099 39099

Array Size = 43
 40002 40041 40092 40017 40009 40096 40052 40046 40072 40003
 40047 40046 40064 40095 40076 40060 40039 40092 40089 40058
 40017 40079 40083 40078 40010 40091 40020 40057 40068 40099
 40028 40060 40042 40018 40040 40009 40066 40031 40069 40028
 40035 40049 40050

Array Size = 57
 41000 41000 41002 41004 41007 41010 41010 41011 41011 41012
 41013 41014 41017 41018 41023 41027 41027 41028 41028 41033
 41036 41036 41041 41043 41044 41045 41048 41050 41050 41053
 41054 41054 41055 41058 41059 41060 41060 41061 41062 41062
 41063 41063 41064 41065 41070 41072 41072 41074 41076 41077
 41082 41082 41085 41087 41089 41093 41095

Array Size = 81
 42067 42021 42058 42060 42001 42079 42099 42004 42090 42053
 42017 42025 42066 42011 42011 42079 42091 42063 42019 42055
 42096 42095 42033 42025 42029 42079 42001 42043 42066 42029
 42033 42062 42041 42080 42053 42021 42093 42046 42048 42096
 42043 42062 42025 42008 42063 42035 42008 42062 42091 42081
 42065 42089 42028 42088 42011 42043 42022 42092 42012 42023
 42055 42025 42033 42005 42012 42060 42054 42004 42063 42081
 42092 42039 42071 42061 42072 42084 42053 42041 42089 42080
 42093

Array Size = 80
 43002 43004 43006 43007 43007 43008 43009 43011 43016 43016
 43016 43016 43016 43017 43019 43019 43019 43020 43020 43022
 43025 43027 43031 43032 43032 43034 43035 43036 43036 43038
 43040 43040 43042 43043 43044 43045 43045 43050 43050 43051
 43053 43056 43056 43057 43057 43058 43060 43061 43061 43064
 43064 43065 43068 43069 43072 43073 43073 43076 43079 43079
 43081 43082 43082 43085 43085 43086 43087 43088 43088 43090
 43090 43092 43096 43096 43096 43097 43097 43098 43099 43099


Array Size = 79
 44028 44098 44030 44077 44017 44076 44057 44075 44098 44011
 44054 44023 44030 44015 44095 44007 44089 44035 44008 44034
 44000 44066 44012 44035 44088 44083 44018 44048 44027 44038
 44018 44096 44051 44083 44046 44026 44023 44008 44049 44007
 44038 44006 44045 44037 44010 44013 44038 44089 44023 44086
 44011 44050 44091 44093 44059 44042 44063 44037 44028 44086
 44010 44005 44060 44022 44006 44028 44043 44081 44061 44005
 44030 44026 44000 44035 44049 44061 44084 44044 44053

Array Size = 27
 45001 45010 45017 45021 45022 45025 45025 45027 45030 45033
 45036 45039 45040 45040 45047 45052 45059 45065 45065 45072
 45084 45087 45088 45090 45094 45094 45099

Array Size = 54
 46045 46063 46092 46055 46032 46007 46069 46076 46086 46085
 46011 46070 46000 46081 46026 46002 46022 46023 46087 46072
 46075 46051 46037 46014 46083 46028 46013 46021 46086 46017
 46033 46016 46060 46080 46087 46078 46061 46046 46026 46079
 46045 46011 46075 46098 46097 46000 46017 46017 46069 46079
 46002 46064 46032 46000

Array Size = 31
 47000 47001 47002 47002 47007 47013 47015 47018 47022 47026
 47026 47029 47030 47034 47034 47036 47036 47043 47044 47049
 47053 47053 47054 47054 47057 47059 47065 47069 47072 47081
 47090

Array Size = 99
 48014 48016 48055 48008 48024 48024 48032 48084 48033 48007
 48099 48032 48033 48079 48027 48009 48051 48098 48069 48086
 48085 48071 48014 48027 48011 48039 48062 48033 48099 48031
 48053 48033 48080 48086 48089 48089 48046 48003 48093 48009
 48038 48085 48045 48096 48016 48058 48039 48094 48045 48038
 48002 48034 48097 48098 48031 48035 48004 48001 48091 48056
 48039 48085 48072 48032 48006 48082 48026 48070 48033 48041
 48023 48027 48091 48008 48004 48048 48014 48068 48000 48044
 48093 48025 48018 48088 48070 48090 48056 48003 48045 48009
 48096 48070 48019 48093 48071 48024 48037 48042 48032

Array Size = 49
 49000 49001 49001 49002 49003 49010 49011 49011 49012 49013
 49013 49015 49019 49019 49020 49020 49021 49024 49025 49029
 49043 49045 49046 49046 49049 49052 49052 49053 49055 49055
 49061 49062 49068 49070 49072 49072 49072 49073 49077 49080
 49080 49081 49086 49087 49088 49088 49090 49094 49096

Array Size = 59
 50065 50000 50043 50017 50018 50074 50044 50019 50083 50045
 50076 50064 50019 50085 50099 50022 50069 50004 50071 50015
 50031 50026 50097 50016 50097 50000 50036 50024 50058 50035
 50092 50010 50014 50092 50033 50095 50019 50084 50081 50025
 50088 50098 50067 50050 50071 50075 50058 50090 50062 50080
 50071 50025 50037 50070 50041 50005 50067 50087 50055

Array Size = 63
 51005 51006 51007 51008 51009 51009 51011 51012 51014 51015
 51015 51015 51017 51020 51020 51022 51023 51027 51028 51032
 51033 51034 51034 51036 51038 51039 51041 51045 51046 51046
 51049 51049 51052 51054 51059 51060 51060 51060 51061 51063
 51064 51065 51065 51066 51067 51069 51074 51077 51080 51081
 51083 51085 51087 51088 51088 51090 51092 51094 51096 51096
 51097 51097 51098

Array Size = 99
 52073 52074 52023 52090 52025 52053 52025 52083 52036 52043
 52023 52009 52082 52079 52026 52055 52014 52089 52081 52018
 52091 52030 52088 52068 52019 52081 52049 52042 52064 52099
 52078 52078 52087 52056 52024 52015 52040 52059 52048 52032
 52034 52061 52097 52036 52009 52087 52087 52011 52071 52081
 52001 52079 52013 52078 52098 52028 52015 52062 52054 52000
 52059 52082 52069 52068 52057 52034 52099 52057 52015 52019
 52050 52031 52049 52018 52070 52078 52039 52045 52028 52091
 52088 52050 52099 52017 52068 52037 52085 52030 52099 52061
 52051 52056 52028 52020 52084 52029 52012 52047 52074

Array Size = 35
 53000 53001 53003 53005 53014 53018 53023 53024 53026 53027
 53034 53036 53037 53039 53040 53041 53041 53045 53045 53045
 53047 53051 53051 53052 53053 53056 53058 53061 53065 53070
 53070 53086 53088 53088 53096

Array Size = 40
 54048 54010 54034 54081 54015 54040 54043 54021 54003 54037
 54044 54071 54025 54073 54070 54028 54066 54075 54060 54068
 54016 54088 54015 54084 54032 54056 54014 54005 54039 54009
 54051 54085 54079 54010 54006 54027 54018 54067 54070 54022


Array Size = 58
 55000 55001 55002 55003 55004 55009 55010 55012 55016 55016
 55017 55019 55020 55023 55025 55026 55028 55031 55031 55032
 55033 55034 55034 55035 55035 55037 55038 55038 55038 55040
 55041 55054 55055 55057 55057 55057 55062 55062 55066 55071
 55071 55071 55072 55073 55076 55079 55081 55082 55082 55083
 55087 55092 55093 55094 55094 55096 55098 55098

Array Size = 93
 56087 56060 56043 56080 56018 56052 56039 56000 56018 56069
 56096 56057 56096 56009 56005 56096 56044 56085 56036 56086
 56023 56007 56089 56063 56091 56091 56012 56001 56026 56059
 56055 56021 56068 56025 56054 56067 56008 56051 56070 56049
 56090 56071 56008 56050 56023 56024 56097 56041 56011 56051
 56075 56086 56087 56074 56080 56072 56066 56014 56073 56030
 56022 56057 56069 56075 56061 56023 56078 56038 56070 56018
 56067 56003 56091 56019 56013 56025 56052 56013 56012 56079
 56023 56020 56012 56017 56080 56025 56087 56024 56065 56077
 56095 56061 56029

Array Size = 53
 57000 57001 57002 57003 57005 57005 57015 57017 57017 57025
 57030 57035 57037 57037 57039 57039 57041 57042 57043 57043
 57043 57044 57048 57049 57053 57056 57057 57057 57062 57068
 57069 57071 57072 57072 57073 57074 57075 57075 57077 57077
 57081 57082 57084 57084 57086 57086 57086 57088 57090 57091
 57092 57092 57095

Array Size = 19
 58080 58002 58039 58018 58001 58002 58010 58033 58032 58089
 58012 58004 58002 58034 58089 58002 58088 58016 58063

Array Size = 35
 59000 59001 59001 59004 59005 59007 59010 59010 59014 59017
 59018 59028 59030 59032 59038 59040 59041 59048 59049 59050
 59053 59058 59058 59062 59063 59070 59075 59079 59080 59081
 59081 59084 59086 59089 59099

Array Size = 29
 60081 60039 60027 60065 60089 60087 60044 60011 60062 60016
 60054 60096 60068 60042 60023 60055 60069 60089 60065 60042
 60081 60064 60095 60065 60016 60029 60000 60084 60014

Array Size = 65
 61001 61002 61003 61003 61005 61006 61006 61008 61010 61012
 61017 61018 61020 61021 61024 61025 61026 61026 61026 61027
 61027 61027 61027 61030 61030 61031 61035 61036 61039 61039
 61040 61040 61040 61044 61048 61048 61051 61052 61053 61058
 61062 61063 61063 61064 61065 61066 61068 61069 61071 61071
 61071 61072 61072 61077 61079 61079 61081 61081 61082 61085
 61086 61092 61092 61093 61094

Array Size = 72
 62012 62005 62095 62059 62074 62054 62092 62037 62052 62089
 62068 62028 62007 62039 62027 62001 62078 62068 62089 62054
 62091 62061 62079 62077 62053 62007 62015 62009 62065 62055
 62055 62003 62082 62018 62063 62067 62063 62004 62043 62095
 62098 62033 62040 62036 62028 62042 62091 62055 62023 62063
 62043 62070 62094 62050 62045 62087 62038 62006 62001 62012
 62081 62049 62011 62054 62020 62076 62082 62023 62074 62017
 62096 62080

Array Size = 77
 63000 63000 63001 63001 63002 63003 63006 63008 63009 63011
 63011 63011 63018 63018 63019 63021 63029 63029 63030 63031
 63031 63032 63033 63033 63034 63034 63036 63036 63037 63042
 63044 63045 63046 63046 63047 63047 63050 63052 63052 63053
 63055 63058 63059 63061 63062 63063 63063 63063 63064 63066
 63066 63066 63068 63070 63070 63073 63073 63076 63077 63077
 63078 63079 63081 63083 63083 63084 63086 63086 63087 63088
 63089 63090 63090 63092 63092 63095 63095

Array Size = 76
 64055 64007 64045 64092 64011 64023 64075 64024 64055 64033
 64023 64019 64032 64088 64002 64054 64000 64089 64075 64058
 64052 64021 64041 64059 64019 64098 64020 64045 64071 64061
 64010 64072 64025 64011 64021 64055 64013 64034 64069 64052
 64009 64082 64020 64091 64040 64099 64014 64031 64099 64067
 64088 64053 64077 64064 64086 64003 64069 64025 64081 64097
 64030 64079 64097 64078 64027 64063 64080 64098 64074 64031
 64036 64010 64019 64028 64039 64055

Array Size = 10
 65016 65017 65025 65025 65032 65086 65090 65091 65092 65096


Array Size = 81
 66099 66085 66062 66099 66031 66012 66011 66050 66090 66006
 66065 66016 66028 66050 66048 66032 66096 66013 66062 66076
 66012 66085 66077 66070 66088 66069 66022 66057 66022 66021
 66068 66097 66002 66038 66056 66038 66029 66087 66079 66002
 66000 66013 66039 66069 66091 66088 66099 66054 66069 66058
 66052 66010 66043 66098 66073 66063 66002 66046 66023 66045
 66054 66024 66094 66089 66049 66056 66049 66024 66083 66072
 66063 66029 66043 66009 66024 66097 66039 66090 66056 66012
 66065

Array Size = 36
 67001 67008 67009 67018 67020 67021 67024 67026 67034 67035
 67038 67039 67039 67040 67040 67045 67046 67049 67049 67052
 67052 67055 67057 67064 67065 67072 67073 67083 67084 67084
 67086 67086 67091 67093 67094 67097

Array Size = 39
 68034 68023 68068 68045 68094 68002 68091 68013 68080 68088
 68040 68074 68018 68050 68065 68013 68067 68014 68035 68008
 68072 68094 68072 68035 68074 68090 68027 68051 68043 68010
 68083 68067 68095 68037 68011 68040 68060 68008 68024

Array Size = 25
 69000 69003 69004 69009 69012 69019 69023 69024 69033 69039
 69041 69041 69046 69053 69055 69061 69065 69065 69066 69071
 69077 69077 69085 69091 69097

Array Size = 69
 70028 70016 70066 70080 70035 70021 70060 70032 70096 70080
 70017 70067 70081 70087 70086 70033 70093 70058 70073 70094
 70030 70027 70032 70013 70061 70062 70041 70056 70065 70004
 70069 70078 70013 70074 70089 70061 70001 70093 70092 70058
 70028 70034 70087 70079 70012 70089 70036 70046 70026 70079
 70054 70017 70075 70032 70028 70003 70050 70042 70045 70055
 70023 70098 70081 70004 70077 70028 70046 70033 70063

Array Size = 94
 71000 71001 71001 71002 71002 71003 71006 71011 71011 71011
 71013 71013 71013 71014 71015 71015 71015 71017 71017 71017
 71018 71018 71019 71021 71022 71022 71022 71023 71024 71024
 71025 71026 71026 71027 71029 71029 71029 71029 71031 71031
 71032 71033 71033 71040 71041 71042 71042 71042 71046 71046
 71047 71049 71049 71051 71053 71053 71054 71054 71054 71054
 71056 71057 71059 71059 71063 71066 71067 71067 71067 71068
 71068 71069 71069 71071 71072 71073 71076 71077 71081 71081
 71082 71082 71083 71083 71084 71086 71086 71087 71091 71091
 71092 71093 71094 71096

Array Size = 54
 72072 72018 72081 72067 72074 72096 72017 72043 72017 72043
 72088 72064 72018 72056 72076 72079 72056 72018 72054 72068
 72089 72075 72008 72080 72069 72095 72021 72082 72028 72057
 72052 72060 72051 72041 72095 72071 72090 72037 72059 72044
 72031 72013 72019 72094 72036 72076 72025 72078 72086 72069
 72043 72037 72078 72061

Array Size = 54
 73003 73003 73007 73007 73010 73011 73014 73014 73018 73018
 73021 73025 73027 73029 73029 73029 73030 73030 73034 73035
 73035 73037 73040 73044 73045 73048 73053 73055 73058 73059
 73066 73068 73069 73072 73072 73073 73075 73079 73079 73080
 73082 73084 73084 73088 73091 73092 73093 73094 73094 73094
 73097 73097 73098 73098

Array Size = 85
 74051 74079 74013 74087 74018 74096 74082 74050 74086 74040
 74082 74076 74080 74014 74060 74098 74038 74028 74072 74007
 74065 74046 74062 74091 74054 74064 74027 74065 74062 74073
 74017 74030 74051 74072 74051 74072 74013 74032 74037 74031
 74084 74060 74031 74033 74038 74035 74076 74036 74092 74085
 74086 74012 74016 74051 74040 74066 74010 74017 74048 74051
 74007 74023 74042 74025 74048 74021 74095 74025 74087 74016
 74092 74028 74003 74069 74026 74025 74021 74012 74035 74061
 74048 74038 74037 74093 74088

Array Size = 47
 75000 75002 75009 75013 75015 75016 75017 75017 75018 75020
 75021 75030 75030 75030 75034 75037 75040 75044 75045 75050
 75051 75054 75055 75056 75062 75063 75066 75068 75071 75072
 75074 75078 75081 75082 75082 75083 75084 75084 75085 75087
 75087 75090 75091 75091 75092 75092 75097

Array Size = 51
 76045 76020 76066 76043 76064 76017 76097 76025 76082 76030
 76052 76071 76015 76089 76018 76080 76099 76014 76028 76035
 76049 76017 76074 76011 76062 76067 76075 76085 76069 76062
 76040 76071 76039 76083 76022 76045 76047 76044 76045 76043
 76096 76080 76019 76085 76084 76084 76017 76037 76056 76038
 76038

Array Size = 87
 77000 77001 77002 77003 77003 77005 77007 77008 77008 77010
 77011 77011 77011 77012 77012 77013 77013 77013 77014 77014
 77015 77016 77019 77020 77020 77024 77025 77027 77029 77029
 77030 77035 77035 77036 77038 77039 77044 77046 77046 77047
 77050 77054 77054 77054 77054 77056 77056 77059 77060 77061
 77066 77066 77067 77069 77069 77069 77070 77073 77073 77074
 77074 77074 77074 77075 77075 77076 77078 77078 77079 77080
 77080 77080 77081 77082 77085 77085 77086 77086 77086 77087
 77089 77092 77092 77092 77093 77096 77098

Array Size = 18
 78059 78025 78001 78031 78056 78040 78005 78084 78080 78006
 78073 78091 78030 78027 78089 78025 78012 78017

Array Size = 25
 79005 79008 79008 79010 79019 79024 79025 79038 79041 79047
 79049 79051 79055 79063 79068 79074 79075 79076 79077 79080
 79088 79089 79090 79092 79098

Array Size = 98
 80000 80046 80072 80045 80033 80060 80044 80069 80050 80095
 80050 80077 80023 80035 80059 80001 80077 80025 80066 80005
 80062 80093 80093 80065 80094 80057 80083 80029 80069 80097
 80081 80089 80011 80008 80095 80017 80082 80008 80061 80089
 80093 80064 80091 80060 80079 80066 80072 80067 80084 80058
 80014 80047 80054 80014 80045 80006 80036 80097 80003 80063
 80049 80031 80051 80011 80004 80078 80015 80010 80087 80026
 80093 80071 80089 80078 80028 80063 80063 80070 80035 80034
 80088 80053 80016 80062 80090 80033 80020 80022 80070 80077
 80053 80024 80089 80079 80082 80091 80038 80075

Array Size = 38
 81005 81006 81010 81016 81017 81020 81021 81021 81021 81022
 81024 81025 81028 81028 81028 81036 81039 81044 81045 81049
 81051 81053 81056 81059 81059 81065 81067 81067 81068 81069
 81077 81081 81081 81082 81082 81085 81087 81096

Array Size = 48
 82093 82057 82041 82008 82009 82039 82000 82060 82023 82034
 82087 82042 82063 82063 82020 82008 82046 82080 82092 82035
 82050 82029 82049 82030 82021 82093 82001 82011 82021 82019
 82075 82054 82038 82049 82030 82055 82030 82041 82030 82077
 82056 82014 82099 82096 82076 82040 82034 82005

Array Size = 60
 83002 83006 83006 83008 83009 83009 83010 83011 83011 83012
 83013 83013 83013 83014 83022 83026 83027 83027 83029 83029
 83032 83035 83037 83037 83039 83040 83040 83046 83048 83050
 83052 83053 83056 83057 83057 83064 83065 83066 83067 83068
 83069 83070 83074 83075 83075 83077 83077 83080 83084 83084
 83087 83088 83089 83089 83092 83093 83094 83095 83098 83099


Array Size = 90
 84049 84000 84026 84071 84069 84023 84048 84099 84068 84055
 84090 84067 84075 84020 84042 84036 84041 84018 84074 84078
 84076 84090 84026 84000 84042 84009 84075 84008 84091 84045
 84092 84093 84071 84039 84017 84087 84080 84062 84073 84083
 84040 84099 84012 84000 84024 84058 84021 84006 84094 84093
 84016 84052 84072 84071 84098 84051 84049 84066 84084 84045
 84086 84095 84032 84067 84023 84079 84007 84062 84062 84076
 84070 84040 84089 84056 84046 84092 84039 84074 84055 84072
 84065 84043 84084 84084 84017 84095 84040 84050 84075 84081


Array Size = 85
 85000 85000 85000 85001 85002 85002 85002 85005 85006 85006
 85008 85011 85011 85012 85015 85016 85017 85018 85018 85018
 85018 85019 85022 85023 85023 85027 85028 85029 85029 85030
 85034 85036 85038 85039 85039 85040 85041 85041 85042 85043
 85043 85044 85046 85046 85047 85048 85048 85048 85051 85051
 85053 85053 85056 85058 85064 85065 85066 85066 85067 85068
 85069 85071 85071 85072 85075 85076 85077 85078 85078 85079
 85080 85081 85083 85084 85085 85085 85085 85086 85086 85087
 85088 85091 85093 85094 85097

Array Size = 74
 86018 86042 86086 86009 86033 86092 86045 86039 86049 86020
 86075 86076 86023 86033 86003 86031 86083 86007 86015 86026
 86019 86078 86001 86070 86006 86056 86010 86015 86042 86057
 86090 86095 86035 86043 86051 86031 86062 86025 86037 86016
 86066 86078 86074 86001 86048 86083 86035 86065 86029 86006
 86068 86098 86025 86017 86031 86005 86073 86071 86040 86080
 86012 86007 86094 86079 86092 86096 86055 86060 86028 86034
 86063 86074 86084 86061

Array Size = 54
 87004 87006 87009 87011 87012 87014 87021 87021 87022 87025
 87027 87030 87031 87032 87038 87040 87040 87042 87042 87043
 87044 87050 87050 87053 87055 87056 87059 87059 87062 87067
 87069 87069 87077 87080 87080 87080 87081 87081 87082 87083
 87084 87086 87087 87089 87090 87091 87091 87092 87093 87094
 87096 87096 87096 87098

Array Size = 32
 88080 88096 88065 88088 88066 88058 88055 88071 88020 88075
 88003 88032 88012 88088 88042 88068 88055 88064 88034 88002
 88093 88020 88028 88067 88057 88036 88037 88071 88008 88013
 88093 88079

Array Size = 74
 89001 89001 89002 89002 89003 89003 89004 89005 89006 89009
 89011 89012 89013 89013 89013 89018 89020 89024 89029 89031
 89031 89032 89032 89035 89036 89038 89040 89041 89042 89042
 89043 89044 89046 89046 89048 89048 89049 89052 89053 89054
 89054 89058 89059 89059 89060 89060 89061 89062 89062 89064
 89066 89068 89069 89072 89074 89078 89079 89082 89082 89084
 89084 89086 89086 89088 89092 89094 89094 89095 89095 89096
 89096 89096 89096 89099

Array Size = 87
 90061 90053 90030 90089 90023 90036 90097 90038 90042 90022
 90005 90091 90044 90033 90066 90082 90000 90078 90061 90010
 90030 90052 90062 90089 90088 90098 90019 90003 90099 90026
 90060 90030 90004 90028 90041 90048 90056 90075 90040 90026
 90034 90044 90097 90061 90071 90075 90029 90036 90004 90069
 90061 90062 90064 90080 90095 90044 90002 90048 90065 90063
 90078 90022 90026 90083 90066 90039 90003 90070 90001 90083
 90045 90028 90040 90054 90052 90016 90024 90057 90037 90091
 90035 90015 90017 90008 90003 90013 90057

Array Size = 73
 91000 91001 91002 91003 91006 91007 91009 91009 91010 91012
 91012 91013 91013 91013 91015 91015 91016 91018 91018 91018
 91019 91020 91024 91024 91024 91024 91024 91025 91025 91026
 91028 91032 91035 91041 91043 91044 91053 91056 91056 91059
 91061 91061 91061 91061 91061 91062 91062 91070 91071 91075
 91077 91080 91082 91084 91085 91086 91086 91088 91088 91088
 91090 91090 91090 91093 91093 91093 91096 91097 91097 91098
 91098 91099 91099

Array Size = 84
 92027 92021 92042 92060 92040 92040 92057 92027 92035 92077
 92073 92055 92050 92010 92036 92044 92078 92052 92075 92020
 92042 92052 92073 92050 92036 92039 92060 92092 92064 92017
 92093 92024 92012 92011 92065 92078 92032 92051 92001 92001
 92051 92086 92095 92062 92023 92071 92097 92035 92051 92061
 92096 92083 92094 92048 92028 92036 92036 92083 92064 92033
 92097 92040 92059 92024 92026 92066 92058 92017 92017 92038
 92060 92048 92097 92007 92086 92071 92084 92034 92043 92053
 92007 92060 92031 92041

Array Size = 90
 93001 93002 93002 93004 93004 93005 93008 93009 93011 93011
 93012 93012 93013 93014 93015 93016 93016 93016 93018 93018
 93020 93021 93022 93024 93024 93025 93025 93025 93025 93027
 93029 93029 93032 93033 93034 93034 93035 93039 93041 93041
 93042 93043 93043 93043 93045 93045 93047 93047 93048 93050
 93050 93050 93055 93057 93057 93058 93058 93058 93059 93060
 93061 93064 93064 93066 93067 93068 93069 93070 93071 93072
 93072 93072 93072 93073 93074 93074 93077 93080 93081 93081
 93083 93086 93086 93092 93092 93092 93093 93095 93096 93097


Array Size = 34
 94064 94036 94095 94091 94065 94061 94070 94080 94097 94092
 94009 94086 94000 94024 94022 94066 94044 94060 94035 94057
 94089 94058 94056 94035 94083 94034 94004 94082 94036 94031
 94014 94039 94072 94065

Array Size = 31
 95000 95003 95004 95007 95007 95011 95011 95018 95020 95026
 95028 95035 95036 95040 95041 95043 95050 95052 95053 95055
 95064 95075 95077 95083 95089 95089 95090 95094 95095 95096
 95099

Array Size = 43
 96038 96025 96075 96007 96074 96060 96009 96081 96058 96083
 96048 96060 96023 96079 96034 96091 96032 96062 96021 96073
 96008 96024 96092 96091 96061 96089 96040 96081 96043 96096
 96067 96072 96040 96002 96097 96065 96007 96017 96080 96071
 96053 96059 96007

Array Size = 56
 97002 97006 97013 97013 97017 97018 97018 97019 97021 97023
 97023 97027 97027 97031 97031 97035 97038 97040 97042 97043
 97043 97044 97045 97046 97046 97046 97046 97049 97049 97050
 97051 97051 97054 97055 97056 97057 97061 97064 97064 97066
 97071 97073 97075 97078 97078 97080 97084 97090 97091 97091
 97093 97093 97095 97097 97098 97098

Array Size = 66
 98090 98043 98061 98090 98079 98054 98082 98003 98084 98071
 98020 98058 98028 98094 98005 98048 98027 98025 98065 98000
 98079 98026 98063 98095 98035 98036 98024 98066 98050 98093
 98096 98002 98082 98002 98044 98074 98070 98057 98070 98030
 98090 98027 98084 98043 98035 98035 98077 98088 98092 98000
 98001 98047 98013 98009 98079 98095 98037 98046 98048 98067
 98036 98075 98096 98059 98029 98089

Array Size = 71
 99001 99002 99005 99006 99007 99009 99010 99010 99010 99010
 99011 99011 99012 99013 99014 99016 99017 99017 99022 99027
 99027 99028 99030 99030 99031 99033 99033 99034 99034 99036
 99036 99037 99040 99043 99044 99044 99045 99051 99055 99056
 99056 99057 99057 99058 99058 99063 99068 99072 99072 99072
 99072 99076 99079 99080 99081 99082 99084 99085 99086 99087
 99087 99089 99090 99091 99091 99091 99092 99095 99098 99099
 99099
56
 99057 99058 99059 99059 99060 99061 99064 99064 99066 99067
 99067 99068 99069 99072 99074 99076 99076 99077 99078 99084
 99084 99086 99090 99091 99091 99094 99095 99099 99099 99099

