
Array Size = 50
    59     0    56    51    47    81    10    47    31    60
    67    40    59    24    25    43    88    50    78    57
    34    80    13    18    69    60     5    29    67    48
    46    71    41    35    90    36    67    38    62    88
    85    37    25    34    32    67    47     7    52    89


Array Size = 50
  1041  1057  1010  1009  1037  1082  1001  1026  1066  1087
  1041  1020  1085  1012  1029  1004  1093  1021  1001  1086
  1019  1061  1054  1004  1005  1038  1037  1067  1074  1082
  1041  1037  1067  1021  1001  1005  1035  1022  1081  1062
  1001  1006  1015  1024  1061  1011  1097  1029  1018  1041


Array Size = 50
  2066  2003  2096  2023  2094  2019  2038  2091  2014  2062
  2041  2055  2019  2005  2053  2083  2029  2022  2055  2015
  2031  2093  2004  2011  2053  2028  2098  2060  2059  2071
  2073  2096  2020  2027  2011  2072  2029  2001  2042  2094
  2051  2081  2089  2026  2078  2039  2085  2073  2000  2041


Array Size = 50
  3022  3052  3041  3011  3023  3013  3036  3084  3055  3099
  3089  3026  3088  3011  3013  3012  3056  3091  3079  3013
  3093  3042  3052  3071  3033  3039  3010  3085  3011  3047
  3032  3094  3064  3001  3029  3012  3094  3056  3022  3036
  3036  3045  3097  3098  3058  3009  3071  3030  3032  3033


Array Size = 50
  4064  4020  4061  4027  4038  4034  4098  4051  4071  4000
  4030  4091  4063  4065  4021  4007  4053  4059  4080  4013
  4056  4075  4019  4024  4022  4086  4029  4038  4072  4047
  4015  4004  4072  4086  4031  4033  4007  4088  4079  4061
  4053  4068  4071  4019  4075  4026  4067  4029  4028  4090


Array Size = 50
  5001  5051  5067  5082  5085  5047  5035  5035  5070  5011
  5006  5042  5084  5047  5088  5051  5058  5077  5044  5042
  5081  5050  5045  5017  5082  5039  5070  5032  5025  5035
  5005  5007  5034  5063  5025  5025  5029  5059  5078  5017
  5012  5031  5051  5050  5095  5054  5094  5018  5075  5030


Array Size = 50
  6050  6056  6084  6072  6001  6074  6070  6085  6063  6096
  6085  6006  6070  6055  6079  6003  6092  6024  6080  6094
  6054  6016  6040  6098  6094  6056  6014  6030  6039  6033
  6081  6032  6071  6010  6039  6097  6006  6037  6067  6059
  6086  6050  6047  6001  6070  6041  6095  6025  6070  6051


Array Size = 50
  7013  7023  7031  7012  7097  7077  7043  7036  7075  7022
  7008  7074  7030  7080  7041  7068  7039  7005  7049  7072
  7062  7084  7019  7074  7052  7056  7021  7083  7031  7040
  7085  7097  7074  7067  7045  7025  7052  7023  7086  7017
  7022  7054  7047  7090  7030  7033  7003  7085  7083  7086


Array Size = 50
  8012  8020  8067  8049  8058  8007  8016  8019  8003  8063
  8058  8089  8004  8012  8047  8089  8064  8010  8060  8088
  8027  8045  8008  8099  8002  8033  8018  8079  8053  8098
  8012  8010  8081  8052  8085  8069  8015  8007  8058  8051
  8060  8071  8041  8039  8082  8026  8098  8029  8088  8060


Array Size = 50
  9006  9016  9018  9086  9024  9004  9052  9026  9086  9034
  9002  9035  9009  9025  9002  9046  9045  9020  9018  9048
  9043  9023  9040  9093  9099  9054  9021  9024  9024  9075
  9081  9071  9026  9052  9095  9061  9071  9097  9040  9063
  9049  9075  9012  9008  9095  9021  9061  9016  9094  9074


Array Size = 50
 10075 10027 10038 10016 10052 10025 10045 10059 10004 10014
 10004 10092 10043 10007 10019 10095 10074 10042 10053 10083
 10012 10034 10080 10041 10022 10013 10066 10004 10069 10012
 10045 10032 10078 10060 10088 10092 10038 10097 10047 10073
 10067 10051 10019 10023 10003 10004 10070 10077 10023 10089


Array Size = 50
 11053 11045 11075 11008 11010 11033 11092 11037 11093 11089
 11006 11020 11094 11089 11003 11051 11045 11089 11007 11076
 11096 11076 11090 11048 11028 11020 11055 11097 11058 11091
 11023 11014 11092 11011 11005 11085 11060 11078 11062 11086
 11085 11069 11084 11096 11064 11033 11039 11019 11032 11059


Array Size = 50
 12068 12029 12077 12044 12037 12006 12093 12052 12028 12031
 12084 12056 12072 12080 12029 12085 12074 12037 12042 12000
 12052 12082 12093 12015 12047 12066 12003 12017 12024 12010
 12050 12096 12091 12065 12029 12050 12025 12071 12086 12026
 12051 12014 12039 12089 12084 12076 12037 12020 12022 12035


Array Size = 50
 13059 13015 13003 13038 13010 13043 13071 13061 13048 13052
 13012 13082 13002 13006 13050 13024 13017 13057 13012 13083
 13020 13066 13015 13062 13008 13096 13085 13006 13092 13079
 13021 13060 13035 13072 13033 13049 13035 13013 13064 13044
 13095 13078 13041 13052 13004 13009 13015 13086 13096 13057


Array Size = 50
 14079 14068 14015 14073 14043 14059 14031 14019 14057 14094
 14041 14035 14039 14024 14055 14042 14079 14069 14041 14034
 14070 14052 14095 14032 14097 14087 14010 14031 14024 14066
 14079 14075 14086 14001 14062 14022 14029 14056 14071 14022
 14090 14052 14044 14039 14048 14011 14027 14029 14026 14032


Array Size = 50
 15007 15021 15093 15089 15057 15009 15046 15077 15014 15050
 15012 15017 15033 15026 15042 15045 15098 15005 15060 15079
 15048 15099 15062 15043 15035 15087 15016 15041 15082 15098
 15040 15063 15090 15071 15005 15030 15049 15069 15006 15060
 15084 15017 15078 15060 15055 15054 15037 15085 15062 15091


Array Size = 50
 16091 16054 16011 16072 16096 16021 16047 16055 16076 16038
 16077 16072 16039 16006 16050 16054 16079 16089 16026 16097
 16044 16033 16097 16061 16092 16085 16061 16032 16081 16057
 16003 16023 16044 16010 16060 16060 16067 16088 16098 16064
 16094 16025 16056 16039 16085 16057 16022 16025 16017 16012


Array Size = 50
 17004 17076 17072 17076 17069 17093 17017 17088 17058 17027
 17028 17084 17044 17025 17070 17014 17023 17008 17097 17033
 17008 17077 17003 17003 17090 17080 17096 17000 17083 17013
 17056 17016 17056 17046 17090 17021 17091 17065 17053 17099
 17079 17067 17052 17076 17014 17001 17057 17068 17014 17055


Array Size = 50
 18057 18035 18069 18002 18000 18068 18071 18070 18098 18034
 18084 18092 18097 18089 18010 18079 18041 18024 18059 18009
 18028 18020 18079 18077 18040 18095 18053 18064 18053 18010
 18012 18069 18035 18024 18084 18028 18047 18056 18088 18081
 18005 18052 18014 18081 18007 18023 18053 18008 18024 18056


Array Size = 50
 19015 19002 19074 19089 19007 19076 19060 19058 19068 19073
 19010 19085 19047 19046 19067 19050 19093 19086 19042 19007
 19013 19014 19044 19094 19004 19044 19049 19078 19062 19092
 19080 19010 19068 19031 19052 19076 19031 19008 19032 19065
 19080 19097 19076 19069 19039 19011 19005 19014 19081 19020


Array Size = 50
 20044 20028 20013 20060 20059 20024 20095 20025 20093 20081
 20004 20088 20002 20002 20073 20029 20020 20061 20014 20018
 20055 20040 20080 20083 20032 20046 20006 20051 20050 20008
 20036 20019 20012 20032 20077 20075 20042 20090 20099 20009
 20034 20037 20004 20011 20066 20028 20056 20039 20039 20090


Array Size = 50
 21040 21004 21015 21091 21069 21059 21092 21032 21013 21079
 21084 21040 21057 21082 21008 21099 21020 21011 21065 21059
 21003 21064 21068 21078 21046 21005 21096 21008 21085 21085
 21069 21045 21086 21069 21011 21045 21086 21061 21033 21050
 21059 21069 21072 21074 21049 21021 21055 21049 21079 21045


Array Size = 50
 22088 22021 22032 22096 22022 22080 22001 22078 22033 22049
 22001 22099 22099 22080 22084 22034 22056 22051 22080 22006
 22036 22057 22025 22027 22031 22089 22055 22024 22009 22070
 22050 22016 22015 22082 22089 22095 22026 22051 22033 22031
 22063 22009 22088 22094 22051 22017 22025 22089 22048 22077


Array Size = 50
 23039 23021 23075 23013 23090 23017 23087 23022 23096 23092
 23094 23049 23084 23093 23034 23039 23015 23028 23071 23070
 23031 23059 23059 23098 23033 23025 23051 23049 23090 23081
 23064 23043 23022 23010 23028 23018 23084 23065 23021 23061
 23063 23072 23030 23052 23057 23038 23050 23003 23093 23072


Array Size = 50
 24085 24054 24071 24018 24042 24017 24069 24028 24081 24071
 24050 24054 24068 24025 24069 24058 24001 24004 24031 24093
 24062 24082 24094 24089 24005 24005 24038 24078 24013 24044
 24080 24049 24057 24088 24024 24029 24079 24050 24063 24084
 24099 24049 24002 24081 24069 24082 24022 24060 24036 24074


Array Size = 50
 25080 25085 25085 25013 25058 25073 25072 25077 25051 25094
 25092 25080 25071 25093 25077 25057 25047 25071 25021 25032
 25096 25079 25088 25085 25098 25093 25093 25027 25030 25052
 25040 25038 25035 25015 25049 25033 25073 25043 25049 25004
 25075 25036 25040 25020 25039 25052 25066 25092 25092 25052


Array Size = 50
 26070 26092 26051 26088 26000 26016 26081 26018 26081 26096
 26088 26090 26017 26002 26023 26057 26064 26011 26095 26020
 26085 26093 26019 26011 26087 26024 26096 26045 26048 26016
 26066 26008 26041 26071 26057 26020 26018 26018 26051 26081
 26026 26073 26025 26067 26003 26047 26033 26047 26017 26067


Array Size = 50
 27019 27010 27032 27053 27043 27091 27083 27004 27025 27076
 27076 27064 27065 27072 27098 27035 27078 27037 27024 27067
 27070 27029 27099 27066 27048 27090 27069 27056 27072 27011
 27084 27077 27050 27024 27071 27065 27002 27005 27090 27028
 27055 27025 27000 27001 27046 27036 27056 27032 27089 27042


Array Size = 50
 28001 28047 28015 28010 28055 28034 28035 28048 28017 28083
 28077 28039 28085 28065 28063 28090 28048 28011 28072 28047
 28090 28079 28017 28049 28074 28099 28089 28086 28077 28000
 28071 28048 28061 28073 28097 28097 28032 28023 28042 28068
 28014 28014 28035 28050 28024 28046 28079 28045 28013 28007


Array Size = 50
 29022 29040 29010 29098 29020 29019 29080 29098 29029 29072
 29040 29029 29011 29050 29084 29066 29041 29025 29017 29099
 29031 29058 29061 29078 29031 29025 29053 29054 29054 29004
 29041 29079 29044 29029 29062 29077 29011 29079 29068 29009
 29027 29005 29006 29097 29074 29084 29015 29050 29038 29090


Array Size = 50
 30078 30079 30067 30006 30088 30067 30037 30002 30008 30007
 30023 30027 30011 30017 30021 30028 30038 30096 30047 30057
 30021 30046 30034 30022 30017 30098 30027 30066 30096 30085
 30030 30017 30099 30071 30029 30077 30028 30049 30016 30019
 30041 30078 30059 30086 30001 30019 30058 30008 30082 30019


Array Size = 50
 31024 31058 31083 31091 31091 31057 31030 31049 31083 31093
 31072 31003 31021 31092 31048 31098 31030 31046 31077 31024
 31021 31072 31016 31027 31041 31066 31018 31011 31086 31002
 31082 31065 31009 31062 31069 31065 31098 31004 31089 31017
 31057 31000 31051 31099 31037 31098 31005 31074 31097 31002


Array Size = 50
 32064 32063 32095 32056 32050 32065 32058 32059 32038 32066
 32094 32073 32082 32072 32083 32095 32057 32024 32078 32055
 32082 32028 32042 32039 32074 32015 32091 32008 32070 32061
 32092 32075 32083 32007 32043 32087 32005 32094 32005 32071
 32001 32051 32025 32009 32034 32030 32061 32031 32026 32059


Array Size = 50
 33043 33056 33082 33088 33038 33007 33079 33085 33062 33060
 33055 33012 33019 33011 33096 33036 33088 33049 33030 33096
 33051 33088 33011 33012 33016 33062 33078 33084 33036 33049
 33016 33036 33099 33025 33075 33026 33048 33075 33040 33054
 33075 33053 33056 33031 33059 33098 33061 33062 33047 33019


Array Size = 50
 34054 34076 34007 34005 34008 34087 34095 34045 34034 34033
 34007 34014 34071 34017 34039 34066 34067 34058 34089 34027
 34027 34001 34057 34047 34053 34073 34032 34034 34036 34069
 34060 34068 34019 34094 34022 34095 34096 34061 34009 34065
 34039 34059 34047 34096 34031 34007 34018 34049 34040 34084


Array Size = 50
 35012 35028 35010 35008 35050 35063 35071 35020 35029 35001
 35011 35076 35058 35060 35055 35061 35088 35076 35043 35082
 35035 35058 35075 35068 35003 35045 35005 35042 35009 35036
 35000 35059 35014 35017 35024 35093 35058 35084 35020 35098
 35019 35086 35076 35077 35061 35060 35069 35075 35036 35014


Array Size = 50
 36017 36038 36036 36021 36011 36081 36096 36093 36063 36066
 36047 36087 36094 36093 36062 36082 36037 36077 36042 36022
 36026 36060 36009 36090 36054 36062 36083 36018 36052 36018
 36039 36049 36055 36084 36001 36013 36096 36010 36022 36011
 36042 36054 36022 36020 36054 36076 36065 36052 36016 36052


Array Size = 50
 37086 37050 37059 37074 37080 37028 37097 37028 37025 37057
 37046 37031 37008 37032 37019 37082 37009 37086 37096 37083
 37048 37051 37015 37024 37082 37085 37063 37025 37075 37033
 37059 37014 37097 37067 37081 37063 37091 37088 37093 37075
 37050 37018 37006 37034 37000 37031 37010 37026 37033 37089


Array Size = 50
 38025 38052 38019 38041 38048 38058 38000 38089 38051 38072
 38015 38052 38033 38059 38008 38069 38026 38005 38035 38039
 38058 38070 38004 38043 38036 38007 38038 38018 38093 38049
 38065 38065 38078 38084 38050 38026 38011 38045 38004 38005
 38065 38004 38082 38034 38034 38022 38042 38013 38016 38094


Array Size = 50
 39052 39063 39012 39022 39031 39067 39092 39045 39095 39050
 39062 39087 39088 39018 39067 39036 39066 39089 39070 39008
 39013 39096 39065 39063 39015 39025 39090 39072 39044 39018
 39022 39047 39085 39051 39071 39040 39028 39019 39042 39066
 39043 39057 39015 39011 39047 39081 39087 39084 39030 39062


Array Size = 50
 40059 40009 40040 40058 40063 40039 40059 40012 40098 40017
 40085 40064 40028 40032 40087 40072 40083 40066 40087 40090
 40038 40072 40033 40018 40011 40099 40073 40081 40048 40024
 40083 40054 40009 40042 40084 40043 40052 40081 40001 40095
 40016 40001 40094 40092 40002 40005 40081 40008 40064 40016


Array Size = 50
 41051 41032 41080 41052 41053 41086 41010 41093 41055 41006
 41009 41036 41005 41051 41083 41009 41038 41072 41038 41021
 41002 41051 41005 41036 41023 41004 41028 41042 41068 41018
 41059 41044 41024 41093 41053 41081 41069 41063 41071 41010
 41076 41072 41042 41055 41047 41020 41079 41080 41050 41020


Array Size = 50
 42082 42043 42062 42003 42089 42073 42047 42099 42038 42002
 42023 42074 42014 42036 42036 42082 42087 42025 42018 42024
 42020 42066 42005 42028 42007 42071 42070 42002 42024 42059
 42027 42027 42088 42054 42056 42084 42061 42066 42099 42034
 42012 42002 42059 42057 42074 42050 42037 42002 42031 42062


Array Size = 50
 43047 43062 43080 43017 43037 43009 43008 43090 43009 43087
 43078 43092 43098 43062 43013 43079 43032 43004 43075 43001
 43002 43031 43014 43042 43064 43062 43016 43048 43003 43017
 43082 43098 43037 43008 43007 43086 43093 43020 43002 43009
 43073 43074 43037 43089 43018 43052 43059 43098 43015 43021


Array Size = 50
 44021 44038 44073 44073 44024 44010 44033 44093 44014 44058
 44099 44024 44050 44051 44087 44042 44021 44003 44081 44055
 44055 44039 44009 44040 44057 44000 44099 44089 44016 44007
 44033 44039 44085 44007 44047 44068 44003 44014 44070 44035
 44014 44018 44016 44074 44065 44097 44095 44020 44010 44094


Array Size = 50
 45068 45072 45088 45082 45042 45007 45030 45011 45043 45058
 45018 45026 45025 45032 45089 45075 45089 45021 45061 45013
 45084 45015 45019 45095 45035 45083 45001 45066 45002 45047
 45095 45064 45047 45023 45038 45060 45035 45078 45012 45075
 45008 45006 45083 45059 45068 45030 45052 45073 45050 45067


Array Size = 50
 46091 46056 46027 46073 46036 46064 46028 46032 46020 46037
 46055 46034 46090 46012 46029 46022 46087 46078 46061 46062
 46060 46051 46078 46041 46078 46029 46082 46064 46022 46042
 46075 46098 46002 46007 46023 46026 46071 46034 46090 46056
 46097 46045 46010 46006 46016 46048 46023 46011 46001 46096


Array Size = 50
 47096 47085 47060 47037 47062 47032 47051 47081 47090 47051
 47018 47090 47064 47039 47016 47090 47002 47004 47027 47085
 47038 47091 47020 47043 47033 47033 47090 47046 47056 47026
 47094 47062 47091 47014 47065 47027 47055 47046 47001 47079
 47028 47082 47022 47061 47008 47073 47007 47041 47007 47082


Array Size = 50
 48008 48033 48051 48065 48029 48007 48057 48029 48090 48019
 48017 48065 48000 48040 48043 48029 48032 48090 48083 48071
 48042 48075 48069 48061 48017 48003 48056 48044 48098 48087
 48016 48009 48014 48097 48030 48067 48011 48028 48029 48054
 48065 48019 48082 48022 48061 48085 48015 48055 48007 48030


Array Size = 50
 49087 49099 49005 49037 49061 49000 49047 49099 49015 49061
 49024 49042 49081 49019 49081 49035 49031 49084 49040 49088
 49031 49010 49064 49062 49086 49085 49043 49034 49016 49027
 49076 49055 49073 49011 49098 49088 49091 49096 49092 49038
 49014 49091 49007 49004 49032 49051 49009 49069 49037 49029


Array Size = 50
 50000 50085 50091 50047 50030 50004 50053 50068 50021 50015
 50061 50093 50022 50009 50001 50082 50085 50005 50024 50084
 50033 50008 50041 50098 50082 50058 50070 50026 50062 50096
 50052 50073 50093 50008 50074 50061 50006 50004 50069 50049
 50023 50072 50071 50046 50092 50003 50023 50053 50007 50052


Array Size = 50
 51027 51049 51044 51005 51039 51074 51065 51012 51037 51042
 51073 51047 51009 51056 51036 51061 51020 51018 51038 51023
 51003 51035 51057 51005 51010 51089 51068 51090 51046 51023
 51090 51045 51013 51050 51002 51025 51044 51036 51092 51053
 51017 51041 51036 51060 51092 51038 51029 51004 51076 51040


Array Size = 50
 52069 52062 52022 52023 52015 52029 52081 52070 52029 52022
 52002 52020 52007 52052 52098 52027 52015 52099 52017 52035
 52075 52031 52034 52047 52048 52069 52012 52048 52020 52049
 52031 52018 52003 52050 52012 52044 52069 52086 52061 52049
 52087 52055 52016 52000 52050 52096 52073 52028 52092 52032


Array Size = 50
 53038 53012 53082 53008 53083 53054 53006 53084 53006 53005
 53042 53095 53012 53061 53084 53098 53085 53054 53075 53098
 53033 53031 53018 53081 53032 53080 53056 53019 53070 53018
 53071 53096 53082 53002 53057 53069 53004 53008 53000 53015
 53066 53089 53073 53095 53056 53084 53016 53009 53078 53069


Array Size = 50
 54037 54010 54058 54099 54034 54031 54057 54007 54079 54015
 54099 54000 54058 54067 54082 54073 54032 54018 54042 54033
 54024 54011 54006 54013 54043 54085 54039 54051 54003 54062
 54083 54070 54012 54053 54067 54082 54075 54002 54084 54021
 54025 54033 54001 54062 54091 54025 54089 54017 54016 54046


Array Size = 50
 55017 55027 55036 55019 55001 55012 55094 55025 55044 55066
 55017 55070 55083 55032 55098 55013 55033 55051 55049 55098
 55032 55091 55076 55008 55035 55065 55072 55050 55052 55023
 55071 55031 55088 55068 55026 55097 55049 55054 55024 55027
 55063 55086 55026 55017 55019 55055 55016 55024 55003 55022


Array Size = 50
 56064 56023 56078 56048 56070 56094 56059 56083 56072 56093
 56007 56074 56039 56035 56024 56080 56085 56031 56003 56032
 56072 56086 56061 56070 56034 56091 56090 56072 56067 56011
 56066 56059 56024 56085 56053 56080 56022 56033 56077 56071
 56023 56079 56045 56014 56010 56075 56064 56029 56001 56018


Array Size = 50
 57010 57069 57029 57056 57078 57094 57006 57079 57085 57006
 57065 57050 57082 57035 57034 57063 57018 57012 57063 57086
 57030 57022 57092 57096 57018 57016 57062 57023 57093 57097
 57025 57018 57071 57049 57037 57039 57025 57011 57076 57011
 57083 57077 57076 57005 57022 57069 57032 57039 57085 57086


Array Size = 50
 58079 58065 58069 58082 58013 58008 58068 58047 58013 58066
 58030 58071 58047 58067 58081 58017 58019 58060 58023 58020
 58042 58013 58021 58002 58014 58092 58059 58021 58052 58095
 58061 58017 58029 58006 58052 58002 58017 58078 58060 58035
 58005 58082 58040 58024 58018 58096 58089 58012 58011 58094


Array Size = 50
 59000 59029 59034 59086 59059 59088 59009 59014 59012 59004
 59096 59020 59038 59038 59029 59029 59040 59015 59000 59040
 59085 59073 59025 59033 59095 59067 59054 59083 59070 59070
 59069 59007 59055 59091 59018 59098 59016 59007 59072 59092
 59006 59033 59098 59038 59042 59051 59007 59005 59075 59064


Array Size = 50
 60059 60064 60053 60076 60040 60068 60070 60092 60007 60066
 60089 60087 60061 60013 60000 60041 60052 60088 60032 60092
 60099 60070 60036 60040 60056 60008 60010 60047 60071 60095
 60069 60001 60088 60059 60004 60060 60072 60091 60086 60003
 60058 60026 60070 60088 60007 60017 60016 60019 60034 60066


Array Size = 50
 61077 61069 61098 61076 61043 61002 61004 61064 61049 61051
 61017 61079 61074 61094 61048 61033 61031 61097 61088 61054
 61098 61013 61021 61011 61024 61024 61039 61075 61027 61082
 61055 61010 61068 61029 61061 61026 61007 61070 61005 61068
 61081 61009 61018 61089 61017 61088 61063 61034 61054 61092


Array Size = 50
 62004 62001 62011 62017 62009 62004 62056 62043 62010 62095
 62096 62097 62074 62033 62092 62053 62064 62087 62079 62012
 62087 62025 62054 62035 62000 62045 62066 62070 62030 62045
 62080 62076 62052 62027 62060 62083 62003 62063 62093 62022
 62082 62041 62028 62040 62085 62087 62083 62055 62063 62017


Array Size = 50
 63088 63068 63014 63075 63077 63069 63068 63019 63062 63008
 63067 63083 63077 63074 63080 63045 63030 63064 63013 63042
 63020 63096 63036 63092 63002 63036 63075 63027 63069 63006
 63030 63086 63001 63063 63078 63093 63046 63078 63011 63070
 63021 63047 63067 63008 63003 63073 63052 63091 63073 63051


Array Size = 50
 64048 64038 64044 64098 64005 64021 64071 64083 64068 64011
 64071 64075 64053 64091 64059 64028 64007 64061 64080 64022
 64035 64075 64066 64010 64019 64044 64003 64021 64081 64085
 64020 64048 64053 64015 64002 64086 64099 64080 64026 64064
 64052 64033 64065 64024 64004 64011 64013 64008 64025 64057


Array Size = 50
 65060 65061 65058 65066 65094 65097 65010 65019 65084 65062
 65093 65003 65039 65076 65035 65072 65082 65050 65012 65077
 65036 65032 65047 65022 65018 65011 65000 65084 65052 65058
 65024 65070 65053 65047 65082 65063 65040 65057 65091 65032
 65008 65069 65033 65036 65039 65026 65001 65047 65063 65038


Array Size = 50
 66022 66076 66009 66025 66074 66046 66018 66088 66043 66060
 66039 66046 66060 66020 66084 66025 66061 66069 66053 66013
 66084 66021 66059 66073 66062 66033 66008 66006 66057 66014
 66085 66028 66087 66056 66092 66054 66015 66041 66019 66069
 66018 66080 66079 66016 66089 66099 66072 66039 66026 66041


Array Size = 50
 67080 67033 67072 67020 67050 67002 67018 67094 67033 67001
 67042 67014 67009 67058 67050 67018 67042 67011 67055 67015
 67055 67096 67090 67004 67084 67061 67000 67034 67058 67023
 67060 67092 67018 67098 67071 67038 67049 67013 67095 67039
 67015 67038 67060 67063 67023 67031 67067 67050 67086 67069


Array Size = 50
 68079 68043 68022 68073 68041 68048 68005 68012 68011 68026
 68038 68043 68029 68052 68031 68034 68032 68023 68011 68089
 68063 68040 68026 68093 68047 68041 68003 68040 68009 68092
 68097 68071 68065 68038 68077 68062 68001 68008 68003 68085
 68075 68040 68067 68090 68012 68001 68094 68012 68001 68018


Array Size = 50
 69021 69042 69080 69056 69013 69050 69071 69035 69079 69076
 69034 69072 69050 69045 69031 69016 69027 69025 69085 69003
 69009 69037 69045 69082 69093 69021 69073 69049 69087 69077
 69093 69077 69082 69081 69081 69069 69028 69042 69032 69035
 69014 69023 69077 69002 69066 69028 69055 69029 69078 69049


Array Size = 50
 70053 70042 70068 70071 70036 70056 70018 70083 70056 70046
 70000 70059 70021 70018 70027 70073 70053 70009 70000 70040
 70066 70099 70054 70061 70058 70049 70069 70003 70083 70033
 70083 70051 70016 70049 70023 70067 70063 70044 70067 70052
 70089 70042 70094 70061 70095 70034 70075 70014 70066 70029


Array Size = 50
 71065 71001 71037 71056 71071 71099 71013 71098 71058 71062
 71057 71019 71060 71074 71068 71036 71067 71086 71044 71088
 71063 71068 71080 71027 71040 71031 71060 71017 71003 71028
 71071 71001 71030 71087 71009 71038 71031 71004 71027 71025
 71005 71046 71091 71084 71085 71022 71052 71035 71028 71095


Array Size = 50
 72026 72041 72076 72064 72058 72086 72080 72066 72024 72030
 72083 72004 72032 72084 72080 72076 72078 72044 72083 72009
 72062 72054 72028 72034 72092 72024 72085 72064 72056 72097
 72041 72078 72052 72055 72006 72035 72025 72022 72066 72001
 72032 72075 72070 72021 72001 72056 72071 72088 72009 72016


Array Size = 50
 73010 73004 73003 73064 73044 73090 73000 73007 73049 73026
 73024 73096 73018 73095 73036 73054 73078 73070 73042 73025
 73023 73057 73054 73018 73049 73088 73074 73047 73034 73022
 73028 73092 73041 73043 73083 73021 73052 73086 73023 73073
 73089 73067 73008 73054 73077 73083 73057 73030 73072 73087


Array Size = 50
 74046 74033 74083 74092 74031 74068 74027 74076 74000 74042
 74005 74054 74029 74017 74039 74010 74044 74075 74018 74075
 74001 74061 74008 74004 74049 74016 74043 74093 74055 74078
 74023 74064 74091 74079 74017 74016 74004 74033 74069 74049
 74005 74081 74033 74008 74070 74007 74086 74043 74052 74067


Array Size = 50
 75086 75048 75038 75049 75030 75015 75065 75045 75015 75018
 75074 75032 75028 75077 75015 75043 75042 75013 75008 75025
 75062 75003 75034 75051 75070 75016 75045 75078 75022 75052
 75049 75021 75073 75050 75070 75051 75041 75043 75093 75095
 75099 75065 75055 75026 75038 75092 75036 75025 75009 75009


Array Size = 50
 76046 76091 76019 76091 76083 76066 76007 76023 76077 76081
 76044 76069 76029 76048 76039 76064 76001 76016 76046 76088
 76086 76000 76075 76082 76036 76065 76062 76075 76056 76048
 76015 76082 76088 76021 76043 76096 76029 76020 76013 76053
 76053 76077 76008 76084 76002 76046 76079 76054 76031 76031


Array Size = 50
 77048 77083 77074 77085 77032 77001 77090 77092 77035 77049
 77057 77086 77027 77083 77069 77065 77028 77062 77026 77066
 77063 77040 77031 77022 77057 77091 77026 77065 77034 77060
 77065 77054 77096 77051 77043 77094 77098 77027 77089 77017
 77014 77035 77073 77065 77022 77077 77089 77016 77023 77030


Array Size = 50
 78084 78072 78006 78062 78030 78016 78096 78037 78040 78010
 78083 78003 78097 78043 78009 78012 78023 78055 78008 78079
 78038 78022 78047 78080 78019 78034 78016 78039 78011 78070
 78070 78067 78025 78093 78029 78078 78070 78091 78016 78035
 78068 78073 78079 78014 78029 78096 78053 78083 78096 78020


Array Size = 50
 79039 79053 79035 79092 79037 79028 79091 79061 79032 79053
 79069 79022 79069 79033 79023 79043 79097 79089 79003 79047
 79070 79060 79014 79094 79017 79001 79023 79011 79088 79071
 79024 79088 79006 79090 79086 79047 79049 79048 79069 79029
 79003 79087 79094 79010 79075 79021 79029 79048 79014 79010


Array Size = 50
 80081 80059 80097 80044 80066 80072 80098 80021 80045 80088
 80003 80048 80053 80084 80034 80077 80021 80079 80002 80006
 80081 80048 80032 80018 80047 80000 80069 80082 80015 80057
 80023 80097 80052 80068 80030 80052 80060 80025 80098 80069
 80021 80037 80070 80046 80010 80084 80022 80010 80042 80011


Array Size = 50
 81073 81097 81071 81044 81000 81097 81022 81001 81087 81028
 81064 81074 81077 81022 81032 81086 81025 81074 81080 81019
 81032 81057 81013 81096 81056 81094 81039 81016 81075 81066
 81080 81045 81097 81074 81031 81062 81058 81093 81048 81025
 81024 81067 81046 81019 81067 81066 81069 81061 81061 81096


Array Size = 50
 82094 82079 82024 82074 82016 82047 82018 82080 82064 82096
 82073 82064 82030 82079 82031 82055 82005 82002 82035 82049
 82017 82015 82032 82004 82044 82036 82062 82020 82044 82012
 82075 82034 82086 82080 82071 82018 82086 82036 82035 82086
 82061 82091 82067 82004 82058 82014 82058 82051 82018 82084


Array Size = 50
 83098 83021 83022 83025 83052 83002 83022 83084 83065 83024
 83067 83029 83062 83027 83021 83020 83045 83068 83014 83080
 83012 83026 83086 83091 83085 83094 83091 83026 83019 83002
 83072 83011 83089 83041 83017 83037 83020 83054 83097 83012
 83093 83059 83052 83066 83039 83079 83045 83045 83058 83013


Array Size = 50
 84094 84034 84045 84071 84011 84034 84097 84091 84089 84091
 84010 84009 84092 84044 84021 84022 84095 84076 84091 84079
 84031 84056 84034 84052 84073 84052 84049 84090 84023 84025
 84060 84055 84045 84092 84085 84089 84024 84085 84076 84026
 84080 84084 84050 84067 84051 84027 84020 84055 84045 84034


Array Size = 50
 85014 85025 85069 85068 85083 85043 85076 85019 85025 85053
 85068 85014 85082 85005 85023 85044 85076 85077 85030 85055
 85005 85044 85056 85026 85020 85000 85031 85060 85014 85072
 85086 85007 85092 85072 85039 85024 85008 85013 85099 85067
 85091 85055 85038 85088 85086 85088 85017 85055 85051 85026


Array Size = 50
 86079 86014 86074 86036 86073 86065 86087 86061 86038 86027
 86042 86021 86037 86026 86022 86089 86022 86051 86054 86093
 86084 86031 86094 86080 86079 86041 86016 86038 86009 86093
 86002 86089 86008 86080 86047 86066 86056 86025 86044 86061
 86055 86032 86081 86027 86052 86093 86092 86043 86072 86094


Array Size = 50
 87073 87087 87038 87020 87070 87037 87082 87056 87054 87002
 87020 87026 87076 87044 87002 87094 87093 87046 87059 87098
 87042 87012 87049 87098 87083 87058 87082 87014 87041 87094
 87066 87021 87020 87048 87064 87011 87085 87032 87091 87064
 87021 87005 87066 87029 87046 87001 87023 87084 87060 87037


Array Size = 50
 88003 88043 88054 88047 88002 88038 88075 88060 88043 88030
 88074 88035 88029 88020 88028 88003 88068 88081 88020 88068
 88025 88054 88080 88049 88032 88012 88008 88096 88089 88062
 88031 88070 88045 88062 88044 88033 88081 88016 88021 88027
 88019 88016 88046 88045 88000 88063 88005 88060 88085 88081


Array Size = 50
 89090 89070 89094 89034 89068 89017 89064 89053 89081 89027
 89030 89028 89067 89025 89099 89085 89003 89094 89098 89048
 89030 89062 89021 89058 89073 89040 89034 89009 89062 89039
 89051 89098 89025 89064 89085 89096 89064 89065 89012 89001
 89009 89056 89060 89001 89035 89063 89087 89085 89040 89018


Array Size = 50
 90049 90038 90018 90046 90068 90070 90097 90025 90001 90004
 90051 90037 90034 90019 90085 90033 90034 90087 90050 90034
 90086 90076 90061 90034 90006 90086 90040 90083 90023 90070
 90062 90054 90046 90009 90036 90038 90069 90042 90080 90002
 90056 90014 90037 90061 90098 90037 90051 90058 90029 90008


Array Size = 50
 91086 91071 91068 91033 91097 91078 91080 91011 91033 91001
 91093 91015 91026 91013 91017 91070 91017 91078 91069 91028
 91074 91002 91099 91092 91020 91032 91011 91048 91063 91046
 91038 91012 91005 91036 91033 91098 91096 91067 91074 91052
 91035 91010 91075 91002 91051 91000 91070 91085 91096 91046


Array Size = 50
 92012 92089 92024 92082 92082 92042 92075 92081 92070 92016
 92048 92001 92046 92036 92015 92033 92092 92065 92035 92037
 92032 92077 92042 92045 92087 92013 92014 92081 92065 92070
 92050 92039 92042 92088 92002 92028 92005 92055 92019 92016
 92005 92045 92062 92083 92083 92043 92027 92015 92055 92067


Array Size = 50
 93041 93088 93010 93069 93057 93022 93072 93001 93010 93051
 93043 93061 93063 93060 93000 93027 93063 93087 93084 93013
 93044 93093 93045 93002 93051 93089 93066 93076 93098 93074
 93029 93036 93071 93085 93048 93034 93056 93034 93042 93058
 93000 93099 93058 93013 93026 93093 93060 93072 93091 93004


Array Size = 50
 94015 94010 94076 94045 94051 94032 94013 94070 94059 94034
 94023 94016 94054 94012 94037 94083 94070 94062 94061 94019
 94009 94007 94060 94011 94019 94068 94071 94035 94028 94032
 94096 94013 94046 94099 94058 94047 94049 94043 94008 94074
 94011 94070 94003 94027 94002 94002 94006 94099 94012 94066


Array Size = 50
 95025 95096 95049 95046 95097 95030 95011 95088 95040 95057
 95010 95015 95071 95049 95041 95084 95000 95055 95001 95019
 95021 95046 95080 95088 95082 95034 95045 95083 95038 95012
 95062 95041 95019 95022 95070 95073 95004 95032 95072 95054
 95010 95011 95076 95033 95075 95069 95008 95056 95023 95002


Array Size = 50
 96029 96008 96055 96057 96048 96080 96043 96045 96087 96036
 96050 96098 96057 96073 96045 96071 96080 96089 96068 96018
 96020 96069 96072 96094 96096 96001 96018 96031 96012 96025
 96018 96035 96059 96065 96043 96071 96038 96058 96078 96045
 96064 96010 96018 96057 96047 96064 96019 96094 96087 96002


Array Size = 50
 97030 97019 97058 97019 97083 97013 97008 97072 97036 97014
 97091 97089 97054 97074 97046 97012 97041 97017 97061 97085
 97052 97065 97045 97060 97005 97054 97033 97039 97062 97019
 97028 97084 97025 97059 97001 97014 97082 97088 97043 97035
 97058 97066 97039 97097 97038 97055 97078 97011 97024 97050


Array Size = 50
 98043 98015 98037 98046 98096 98009 98068 98048 98064 98042
 98002 98087 98041 98082 98010 98058 98015 98079 98075 98048
 98037 98012 98000 98092 98030 98053 98019 98059 98043 98055
 98065 98022 98055 98014 98080 98006 98050 98048 98019 98091
 98038 98001 98042 98017 98031 98009 98065 98065 98083 98062


Array Size = 50
 99014 99067 99054 99031 99037 99059 99086 99080 99020 99073
 99092 99047 99055 99009 99021 99043 99066 99043 99040 99042
 99060 99032 99005 99000 99023 99069 99099 99017 99097 99055
 99001 99099 99024 99004 99026 99026 99034 99063 99013 99020
 99038 99002 99047 99021 99079 99020 99013 99009 99058 99069

