
Array Size = 55
    37    44    58     3    88    65    96    35    64    65
    26    82    56     2    31    75    92    18    31     0
    21    58    17    75    55    64    60    50    77    75
    26    58    97    34    52    64    36    36    37    62
    34    89    28    14    10    37     2    49    25    78
    66    78    40    97    35

Array Size = 42
  1000  1002  1004  1004  1007  1008  1010  1012  1012  1025
  1030  1035  1036  1039  1040  1040  1040  1041  1043  1044
  1044  1045  1049  1052  1055  1055  1056  1066  1066  1069
  1071  1072  1073  1076  1085  1086  1090  1091  1091  1091
  1099  1099

Array Size = 37
  2083  2071  2011  2033  2036  2013  2050  2047  2063  2068
  2074  2002  2076  2090  2078  2039  2044  2021  2061  2045
  2098  2086  2029  2079  2016  2072  2021  2060  2002  2071
  2034  2035  2042  2050  2042  2017  2074

Array Size = 53
  3000  3001  3005  3008  3009  3010  3010  3011  3012  3014
  3014  3015  3021  3021  3028  3033  3036  3048  3050  3051
  3053  3054  3055  3056  3056  3056  3057  3058  3059  3061
  3061  3062  3064  3064  3066  3067  3070  3070  3077  3079
  3079  3081  3088  3089  3090  3090  3090  3096  3096  3097
  3097  3099  3099

Array Size = 22
  4013  4098  4089  4014  4078  4095  4074  4060  4090  4096
  4092  4072  4032  4040  4003  4085  4056  4007  4087  4012
  4090  4027

Array Size = 79
  5001  5004  5009  5010  5010  5012  5013  5016  5016  5023
  5023  5024  5028  5028  5029  5033  5034  5034  5035  5037
  5037  5037  5038  5038  5039  5042  5042  5045  5045  5046
  5046  5047  5048  5050  5050  5054  5054  5055  5055  5055
  5056  5057  5057  5058  5059  5060  5060  5062  5064  5065
  5066  5068  5068  5068  5070  5071  5075  5075  5076  5076
  5078  5079  5080  5083  5085  5088  5088  5088  5090  5090
  5090  5090  5090  5092  5096  5096  5097  5098  5098

Array Size = 59
  6089  6030  6056  6022  6084  6012  6011  6089  6090  6005
  6047  6025  6025  6010  6019  6059  6046  6051  6015  6017
  6010  6081  6030  6006  6002  6030  6081  6097  6073  6097
  6087  6039  6092  6037  6023  6071  6022  6043  6085  6073
  6043  6098  6047  6069  6087  6094  6027  6021  6033  6048
  6008  6042  6049  6063  6037  6030  6013  6091  6054

Array Size = 86
  7004  7005  7005  7006  7006  7007  7008  7010  7012  7013
  7015  7018  7018  7019  7019  7022  7023  7023  7026  7029
  7029  7031  7034  7035  7036  7036  7036  7037  7037  7037
  7039  7039  7039  7041  7042  7045  7045  7047  7050  7054
  7054  7054  7055  7056  7056  7056  7057  7060  7061  7062
  7063  7063  7064  7065  7070  7071  7072  7074  7075  7075
  7077  7079  7080  7080  7081  7081  7081  7082  7083  7084
  7086  7087  7090  7091  7092  7093  7093  7094  7095  7095
  7095  7097  7097  7098  7099  7099

Array Size = 24
  8091  8057  8058  8082  8089  8094  8086  8075  8085  8097
  8028  8011  8077  8031  8098  8020  8036  8089  8021  8065
  8094  8063  8055  8087

Array Size = 86
  9000  9000  9001  9002  9004  9005  9005  9006  9006  9007
  9007  9008  9010  9013  9015  9016  9018  9019  9020  9020
  9020  9021  9022  9022  9022  9022  9023  9023  9024  9025
  9025  9026  9026  9026  9028  9029  9029  9030  9031  9033
  9035  9036  9037  9040  9040  9041  9041  9044  9045  9046
  9047  9048  9049  9051  9052  9053  9055  9055  9059  9063
  9063  9065  9069  9069  9070  9076  9077  9078  9080  9081
  9081  9082  9082  9085  9085  9087  9089  9089  9090  9091
  9091  9091  9092  9094  9096  9099

Array Size = 13
 10098 10042 10013 10072 10045 10098 10063 10086 10068 10083
 10072 10063 10002

Array Size = 81
 11000 11001 11002 11002 11003 11003 11004 11005 11005 11005
 11007 11010 11010 11014 11015 11018 11021 11022 11022 11023
 11024 11024 11025 11027 11028 11030 11031 11035 11036 11039
 11040 11040 11042 11043 11044 11044 11046 11047 11048 11048
 11049 11049 11052 11055 11055 11058 11059 11060 11060 11060
 11062 11064 11064 11065 11066 11066 11067 11068 11068 11069
 11069 11070 11070 11071 11073 11073 11075 11078 11080 11080
 11081 11081 11084 11087 11088 11091 11093 11094 11096 11097
 11098

Array Size = 55
 12029 12090 12030 12079 12043 12029 12012 12055 12086 12083
 12054 12081 12073 12080 12089 12066 12042 12091 12036 12073
 12066 12040 12034 12024 12081 12053 12026 12097 12074 12031
 12089 12090 12055 12085 12057 12034 12016 12003 12007 12029
 12027 12019 12084 12059 12043 12062 12073 12041 12007 12077
 12014 12040 12029 12008 12006

Array Size = 52
 13002 13002 13003 13005 13009 13011 13012 13012 13014 13018
 13018 13019 13019 13022 13023 13025 13027 13029 13029 13029
 13030 13034 13037 13040 13041 13044 13044 13050 13051 13051
 13053 13053 13059 13060 13060 13062 13063 13064 13065 13070
 13070 13070 13075 13084 13086 13088 13089 13090 13093 13093
 13096 13098

Array Size = 45
 14096 14060 14074 14075 14082 14057 14040 14068 14064 14044
 14095 14065 14020 14018 14088 14002 14063 14097 14049 14023
 14043 14003 14082 14094 14013 14025 14049 14033 14084 14037
 14066 14051 14070 14071 14024 14015 14096 14034 14076 14046
 14081 14047 14070 14055 14082

Array Size = 19
 15007 15014 15016 15022 15023 15033 15036 15047 15062 15064
 15074 15076 15078 15078 15081 15081 15087 15090 15095

Array Size = 36
 16014 16035 16073 16054 16082 16058 16079 16027 16096 16058
 16069 16030 16020 16054 16039 16056 16056 16083 16047 16087
 16050 16078 16091 16017 16061 16085 16070 16095 16040 16091
 16085 16011 16064 16092 16027 16047

Array Size = 96
 17002 17002 17002 17003 17003 17003 17005 17005 17005 17010
 17011 17012 17012 17013 17013 17015 17015 17018 17019 17020
 17021 17021 17021 17024 17024 17025 17026 17029 17030 17030
 17031 17031 17031 17032 17033 17033 17034 17035 17037 17037
 17038 17039 17040 17041 17041 17042 17045 17046 17047 17048
 17048 17048 17050 17051 17051 17052 17052 17056 17056 17058
 17059 17063 17065 17065 17066 17066 17067 17067 17069 17069
 17069 17070 17070 17071 17072 17072 17074 17075 17076 17078
 17079 17083 17083 17083 17087 17088 17089 17090 17090 17090
 17092 17092 17094 17094 17096 17098

Array Size = 84
 18027 18011 18055 18023 18050 18032 18015 18025 18037 18033
 18056 18096 18045 18041 18065 18056 18057 18034 18034 18045
 18010 18080 18063 18056 18056 18035 18073 18021 18096 18095
 18014 18013 18002 18068 18039 18051 18019 18036 18000 18046
 18057 18081 18060 18058 18042 18073 18083 18017 18017 18033
 18039 18055 18033 18046 18052 18042 18043 18047 18024 18054
 18060 18085 18078 18047 18079 18057 18076 18052 18054 18012
 18076 18005 18049 18003 18099 18009 18038 18091 18024 18055
 18066 18045 18033 18008

Array Size = 97
 19001 19003 19003 19004 19006 19008 19009 19011 19011 19014
 19017 19018 19018 19021 19021 19021 19022 19022 19022 19022
 19024 19025 19029 19029 19029 19030 19030 19031 19031 19032
 19033 19035 19036 19037 19037 19037 19037 19041 19042 19043
 19043 19043 19043 19044 19046 19046 19046 19047 19047 19047
 19051 19051 19053 19053 19054 19055 19055 19056 19056 19057
 19058 19058 19061 19063 19063 19063 19066 19067 19069 19070
 19070 19072 19073 19075 19076 19077 19078 19078 19079 19080
 19081 19083 19085 19086 19088 19088 19089 19091 19093 19093
 19093 19094 19094 19096 19098 19099 19099

Array Size = 62
 20058 20086 20042 20000 20044 20037 20052 20048 20053 20021
 20056 20059 20015 20025 20004 20055 20096 20040 20011 20010
 20040 20071 20015 20052 20076 20095 20056 20088 20075 20099
 20078 20014 20072 20053 20013 20068 20014 20060 20070 20025
 20023 20002 20015 20084 20078 20011 20081 20011 20036 20081
 20080 20097 20042 20014 20013 20061 20035 20045 20023 20052
 20070 20068

Array Size = 56
 21000 21004 21006 21006 21009 21010 21015 21017 21019 21026
 21026 21027 21029 21029 21029 21033 21033 21034 21040 21040
 21042 21048 21049 21049 21050 21051 21052 21052 21054 21055
 21055 21057 21060 21062 21062 21063 21065 21065 21067 21068
 21072 21075 21078 21079 21080 21083 21084 21085 21087 21087
 21087 21087 21091 21095 21097 21097

Array Size = 41
 22037 22046 22095 22065 22066 22055 22014 22032 22001 22026
 22097 22034 22050 22061 22089 22005 22032 22090 22037 22089
 22066 22085 22022 22049 22016 22071 22062 22037 22074 22050
 22075 22042 22097 22079 22052 22059 22057 22015 22030 22057
 22023

Array Size = 65
 23002 23005 23006 23006 23007 23008 23010 23012 23014 23016
 23016 23021 23024 23024 23028 23029 23030 23032 23037 23040
 23041 23041 23042 23043 23044 23044 23044 23045 23045 23053
 23053 23053 23054 23054 23058 23059 23060 23061 23062 23062
 23062 23063 23067 23068 23069 23070 23070 23071 23074 23074
 23076 23078 23078 23079 23080 23081 23084 23084 23085 23087
 23089 23090 23092 23094 23096

Array Size = 66
 24084 24031 24002 24029 24078 24056 24061 24088 24035 24068
 24087 24047 24088 24082 24056 24095 24044 24014 24059 24064
 24096 24013 24090 24092 24022 24025 24053 24007 24024 24015
 24089 24050 24039 24044 24005 24040 24098 24045 24050 24064
 24043 24048 24072 24090 24061 24033 24042 24056 24018 24028
 24018 24038 24033 24089 24045 24015 24025 24007 24081 24091
 24017 24024 24046 24036 24063 24013

Array Size = 33
 25000 25003 25010 25011 25020 25024 25027 25027 25030 25035
 25037 25038 25039 25040 25042 25057 25059 25059 25062 25065
 25066 25074 25074 25076 25082 25083 25088 25089 25094 25094
 25096 25096 25096

Array Size = 15
 26080 26049 26056 26007 26041 26065 26013 26082 26070 26028
 26015 26090 26055 26082 26004

Array Size = 54
 27000 27000 27003 27004 27004 27006 27009 27014 27017 27017
 27018 27018 27019 27020 27021 27024 27026 27030 27030 27031
 27040 27040 27042 27043 27046 27046 27050 27050 27058 27059
 27061 27062 27066 27067 27068 27074 27075 27075 27076 27077
 27078 27079 27084 27088 27088 27089 27089 27090 27091 27095
 27097 27098 27098 27099

Array Size = 60
 28045 28026 28068 28067 28012 28053 28090 28062 28091 28022
 28019 28090 28078 28036 28052 28085 28032 28013 28059 28052
 28085 28052 28049 28078 28091 28018 28050 28028 28038 28075
 28033 28096 28030 28073 28085 28086 28096 28006 28083 28054
 28025 28081 28020 28042 28099 28019 28084 28024 28048 28005
 28077 28031 28029 28031 28049 28090 28035 28087 28001 28020


Array Size = 44
 29000 29005 29008 29012 29014 29019 29020 29025 29029 29029
 29033 29037 29037 29038 29038 29039 29046 29047 29050 29050
 29051 29055 29055 29059 29062 29064 29066 29066 29066 29068
 29068 29068 29070 29074 29078 29078 29079 29081 29091 29092
 29093 29094 29095 29096

Array Size = 60
 30055 30059 30089 30003 30065 30090 30076 30054 30054 30048
 30055 30086 30023 30099 30045 30077 30046 30066 30025 30041
 30010 30085 30096 30031 30022 30083 30015 30011 30001 30018
 30092 30023 30043 30018 30018 30025 30099 30046 30035 30024
 30092 30010 30040 30025 30027 30056 30056 30098 30096 30074
 30045 30064 30071 30059 30028 30016 30071 30031 30091 30005


Array Size = 39
 31000 31005 31008 31010 31010 31012 31012 31013 31034 31037
 31042 31043 31047 31048 31048 31048 31052 31056 31060 31061
 31063 31063 31067 31067 31068 31069 31071 31074 31077 31077
 31077 31079 31080 31082 31084 31088 31089 31093 31099

Array Size = 29
 32042 32081 32090 32072 32000 32047 32093 32028 32019 32056
 32022 32062 32057 32073 32069 32050 32006 32055 32046 32050
 32025 32010 32025 32045 32044 32039 32098 32058 32097

Array Size = 62
 33000 33002 33002 33004 33004 33005 33006 33007 33011 33012
 33017 33018 33026 33030 33031 33032 33034 33034 33035 33035
 33037 33038 33038 33041 33041 33041 33041 33041 33042 33043
 33043 33048 33049 33050 33050 33052 33053 33054 33057 33058
 33061 33064 33073 33076 33077 33079 33080 33081 33082 33082
 33084 33085 33086 33089 33090 33090 33090 33091 33092 33095
 33099 33099

Array Size = 97
 34039 34008 34077 34095 34091 34090 34061 34074 34059 34090
 34021 34088 34064 34085 34009 34087 34074 34028 34093 34040
 34019 34027 34029 34059 34080 34072 34011 34021 34066 34013
 34056 34012 34036 34074 34095 34087 34022 34082 34012 34076
 34087 34078 34027 34012 34019 34022 34067 34075 34087 34069
 34012 34006 34061 34034 34041 34032 34093 34018 34053 34020
 34087 34009 34020 34076 34063 34003 34021 34024 34026 34097
 34040 34028 34081 34042 34020 34001 34041 34014 34053 34042
 34078 34062 34011 34086 34041 34049 34080 34009 34046 34002
 34023 34037 34065 34016 34029 34042 34041

Array Size = 12
 35007 35013 35018 35020 35031 35036 35057 35060 35066 35078
 35079 35083

Array Size = 34
 36030 36071 36086 36079 36072 36084 36045 36021 36076 36036
 36052 36039 36065 36031 36039 36070 36048 36018 36002 36058
 36070 36004 36043 36002 36094 36012 36015 36065 36039 36004
 36037 36062 36002 36093

Array Size = 71
 37001 37002 37004 37004 37010 37011 37014 37015 37016 37018
 37018 37021 37021 37021 37022 37025 37026 37027 37028 37032
 37032 37033 37034 37036 37038 37039 37040 37040 37042 37043
 37045 37049 37050 37050 37054 37054 37059 37060 37062 37065
 37065 37070 37072 37074 37075 37075 37077 37078 37079 37082
 37082 37085 37085 37087 37087 37088 37088 37089 37089 37090
 37091 37092 37093 37094 37094 37095 37096 37097 37098 37098
 37099

Array Size = 29
 38006 38029 38081 38007 38028 38030 38053 38010 38047 38044
 38071 38093 38056 38064 38026 38084 38085 38028 38020 38066
 38098 38003 38047 38070 38008 38008 38054 38061 38046

Array Size = 17
 39001 39010 39011 39011 39015 39030 39031 39039 39044 39045
 39053 39065 39067 39075 39077 39081 39089

Array Size = 42
 40092 40001 40025 40032 40078 40072 40088 40032 40089 40004
 40044 40096 40086 40050 40028 40098 40050 40090 40027 40033
 40048 40005 40005 40030 40007 40094 40004 40077 40098 40001
 40076 40043 40084 40080 40090 40016 40033 40054 40017 40066
 40045 40005

Array Size = 74
 41000 41000 41002 41002 41003 41004 41005 41008 41008 41012
 41012 41015 41017 41018 41019 41020 41026 41028 41033 41039
 41040 41040 41041 41042 41042 41043 41043 41043 41046 41046
 41047 41047 41047 41048 41049 41054 41055 41055 41057 41057
 41058 41058 41061 41062 41062 41062 41062 41065 41070 41073
 41074 41075 41075 41076 41078 41079 41081 41082 41083 41083
 41084 41084 41090 41090 41090 41091 41092 41092 41094 41096
 41097 41098 41099 41099

Array Size = 78
 42051 42010 42058 42082 42017 42098 42026 42064 42067 42099
 42041 42094 42028 42029 42073 42060 42021 42065 42066 42034
 42051 42045 42085 42074 42061 42016 42002 42071 42053 42049
 42065 42087 42092 42023 42085 42094 42034 42013 42011 42034
 42016 42017 42041 42013 42043 42048 42003 42016 42039 42049
 42087 42068 42005 42062 42052 42072 42094 42090 42054 42030
 42048 42054 42031 42095 42090 42067 42010 42037 42099 42000
 42084 42094 42046 42087 42021 42022 42001 42068

Array Size = 27
 43001 43001 43003 43008 43012 43016 43020 43028 43033 43039
 43047 43050 43050 43052 43061 43061 43062 43063 43065 43067
 43069 43071 43072 43081 43084 43084 43093

Array Size = 84
 44074 44050 44065 44019 44043 44046 44073 44091 44021 44026
 44095 44072 44026 44095 44026 44046 44069 44036 44017 44098
 44014 44009 44082 44091 44071 44018 44023 44014 44012 44018
 44011 44082 44089 44029 44022 44077 44083 44088 44067 44082
 44050 44093 44019 44038 44001 44020 44076 44043 44083 44084
 44001 44060 44023 44073 44028 44021 44071 44005 44058 44067
 44043 44071 44053 44037 44043 44079 44002 44021 44070 44033
 44095 44025 44022 44010 44098 44088 44091 44028 44005 44031
 44068 44049 44026 44004

Array Size = 71
 45000 45000 45001 45001 45003 45004 45006 45006 45007 45011
 45013 45014 45015 45015 45016 45016 45019 45019 45020 45022
 45022 45026 45026 45026 45028 45029 45029 45030 45031 45033
 45033 45034 45034 45035 45035 45037 45040 45041 45043 45045
 45046 45049 45052 45052 45055 45056 45058 45058 45058 45059
 45059 45059 45060 45062 45065 45066 45067 45069 45069 45069
 45070 45070 45074 45076 45084 45089 45091 45092 45093 45096
 45098

Array Size = 52
 46063 46062 46087 46030 46028 46005 46097 46076 46065 46083
 46026 46010 46091 46061 46028 46027 46047 46047 46050 46022
 46043 46016 46051 46032 46089 46053 46007 46027 46080 46077
 46093 46070 46063 46062 46042 46083 46015 46073 46067 46071
 46079 46010 46014 46021 46098 46021 46036 46042 46064 46001
 46034 46020

Array Size = 50
 47000 47000 47006 47007 47007 47007 47008 47010 47010 47011
 47011 47013 47014 47014 47014 47019 47019 47021 47021 47026
 47029 47030 47030 47034 47036 47037 47037 47039 47039 47044
 47044 47046 47046 47048 47051 47055 47062 47063 47064 47066
 47073 47073 47073 47075 47077 47083 47088 47088 47097 47098


Array Size = 70
 48050 48009 48037 48055 48069 48088 48017 48038 48085 48039
 48082 48094 48019 48075 48022 48036 48048 48050 48006 48082
 48068 48007 48000 48082 48019 48062 48040 48049 48028 48013
 48047 48058 48054 48057 48086 48078 48021 48045 48070 48076
 48066 48016 48050 48062 48078 48040 48006 48042 48024 48005
 48065 48005 48094 48011 48038 48069 48029 48062 48065 48025
 48051 48035 48069 48086 48085 48090 48052 48006 48015 48088


Array Size = 57
 49001 49001 49001 49006 49006 49007 49009 49009 49010 49010
 49019 49020 49023 49024 49030 49030 49030 49031 49034 49035
 49041 49042 49045 49047 49047 49048 49050 49050 49051 49051
 49053 49054 49058 49060 49060 49063 49064 49065 49066 49067
 49069 49070 49070 49074 49077 49077 49079 49084 49089 49089
 49091 49091 49093 49094 49095 49096 49097

Array Size = 84
 50094 50032 50089 50017 50060 50093 50033 50056 50008 50062
 50031 50081 50093 50010 50043 50013 50030 50026 50064 50009
 50031 50015 50046 50023 50038 50050 50049 50070 50058 50076
 50098 50083 50030 50018 50060 50094 50033 50045 50025 50000
 50057 50056 50097 50023 50079 50018 50073 50028 50009 50026
 50000 50024 50042 50010 50040 50030 50099 50016 50037 50029
 50077 50054 50072 50040 50073 50032 50050 50098 50006 50002
 50061 50092 50090 50001 50028 50006 50022 50081 50016 50000
 50082 50041 50000 50017

Array Size = 72
 51001 51001 51003 51004 51005 51006 51008 51010 51010 51014
 51014 51015 51016 51017 51017 51018 51018 51019 51020 51023
 51023 51024 51025 51028 51029 51029 51030 51031 51039 51040
 51042 51042 51044 51045 51048 51049 51051 51052 51055 51056
 51056 51056 51057 51058 51058 51065 51066 51066 51068 51069
 51070 51071 51073 51074 51074 51078 51078 51079 51079 51081
 51082 51082 51083 51088 51088 51089 51089 51090 51094 51094
 51095 51097

Array Size = 50
 52033 52080 52004 52073 52085 52056 52093 52081 52069 52093
 52019 52031 52026 52051 52020 52070 52054 52060 52047 52029
 52067 52040 52088 52066 52026 52041 52030 52092 52017 52088
 52009 52004 52086 52008 52059 52095 52089 52027 52023 52034
 52045 52029 52021 52004 52092 52091 52094 52055 52092 52093


Array Size = 44
 53002 53003 53005 53006 53008 53011 53011 53016 53019 53021
 53021 53023 53024 53025 53028 53028 53029 53032 53035 53036
 53037 53043 53050 53056 53056 53062 53064 53064 53065 53074
 53076 53077 53080 53082 53082 53083 53084 53084 53086 53093
 53093 53097 53098 53099

Array Size = 77
 54071 54039 54080 54030 54040 54038 54069 54057 54099 54071
 54038 54091 54084 54085 54083 54091 54089 54038 54038 54092
 54087 54014 54083 54038 54032 54018 54090 54059 54026 54002
 54084 54005 54087 54083 54041 54029 54031 54082 54086 54048
 54015 54090 54008 54053 54019 54060 54059 54069 54067 54011
 54080 54080 54063 54006 54081 54060 54005 54031 54085 54028
 54041 54012 54010 54045 54083 54041 54070 54040 54059 54048
 54033 54056 54068 54021 54092 54049 54047

Array Size = 42
 55001 55002 55004 55004 55011 55015 55015 55020 55023 55024
 55028 55031 55034 55037 55038 55042 55042 55047 55051 55051
 55052 55053 55054 55055 55061 55066 55067 55068 55068 55069
 55069 55070 55070 55076 55078 55079 55082 55082 55085 55089
 55090 55094

Array Size = 44
 56050 56004 56052 56031 56039 56021 56040 56025 56038 56060
 56081 56082 56075 56096 56002 56020 56084 56092 56021 56008
 56019 56061 56027 56074 56051 56092 56060 56059 56092 56060
 56091 56008 56070 56007 56095 56099 56097 56044 56012 56079
 56048 56073 56027 56022

Array Size = 87
 57000 57003 57003 57005 57006 57007 57008 57010 57012 57013
 57013 57014 57016 57016 57016 57020 57020 57023 57023 57026
 57029 57030 57031 57032 57033 57034 57036 57038 57038 57040
 57042 57042 57042 57043 57045 57046 57047 57047 57049 57050
 57051 57052 57052 57055 57055 57055 57056 57057 57059 57061
 57062 57062 57062 57062 57064 57064 57067 57067 57067 57068
 57068 57069 57071 57072 57072 57072 57073 57076 57077 57077
 57078 57080 57080 57081 57081 57082 57083 57084 57086 57089
 57089 57090 57091 57093 57094 57094 57096

Array Size = 44
 58006 58028 58047 58039 58098 58025 58010 58037 58044 58066
 58068 58064 58048 58040 58070 58068 58012 58088 58006 58062
 58001 58013 58051 58000 58036 58055 58099 58017 58037 58002
 58018 58069 58090 58089 58005 58058 58023 58045 58057 58024
 58046 58023 58012 58072

Array Size = 31
 59000 59000 59002 59002 59006 59009 59011 59011 59017 59021
 59022 59023 59023 59030 59043 59043 59047 59048 59050 59056
 59062 59065 59068 59069 59072 59076 59079 59091 59091 59094
 59095

Array Size = 99
 60084 60017 60055 60058 60057 60054 60045 60099 60076 60038
 60001 60050 60069 60083 60026 60079 60023 60062 60088 60065
 60057 60097 60036 60001 60081 60053 60019 60070 60091 60035
 60050 60084 60086 60022 60024 60087 60035 60005 60019 60052
 60043 60096 60075 60069 60023 60067 60046 60094 60084 60070
 60060 60080 60042 60053 60078 60097 60048 60091 60062 60083
 60012 60089 60019 60063 60045 60067 60062 60013 60078 60073
 60041 60069 60092 60093 60081 60037 60002 60039 60013 60099
 60084 60045 60070 60056 60025 60081 60029 60088 60023 60068
 60019 60077 60007 60001 60008 60049 60033 60007 60028

Array Size = 70
 61000 61005 61006 61008 61009 61009 61010 61011 61012 61015
 61017 61018 61019 61019 61021 61022 61026 61027 61027 61028
 61028 61028 61029 61030 61035 61038 61039 61039 61039 61039
 61040 61040 61040 61041 61043 61051 61053 61053 61053 61055
 61055 61056 61057 61057 61057 61062 61066 61068 61070 61071
 61073 61075 61075 61078 61078 61078 61081 61083 61083 61084
 61084 61085 61088 61089 61090 61092 61092 61093 61095 61095


Array Size = 86
 62008 62002 62061 62002 62087 62098 62033 62016 62098 62021
 62067 62065 62036 62055 62038 62075 62092 62082 62035 62087
 62092 62020 62021 62009 62071 62052 62014 62029 62006 62024
 62054 62050 62066 62092 62039 62045 62091 62083 62045 62013
 62021 62042 62051 62064 62024 62020 62084 62023 62040 62038
 62008 62036 62006 62045 62059 62019 62064 62005 62075 62032
 62095 62088 62018 62049 62033 62078 62036 62073 62060 62086
 62068 62075 62077 62018 62020 62050 62065 62014 62066 62065
 62097 62038 62054 62012 62061 62004

Array Size = 80
 63000 63003 63004 63006 63006 63007 63009 63011 63011 63012
 63012 63013 63018 63020 63021 63021 63021 63023 63027 63030
 63030 63031 63031 63032 63032 63033 63035 63035 63036 63036
 63037 63038 63039 63043 63045 63047 63047 63048 63050 63050
 63050 63054 63055 63057 63058 63059 63059 63059 63059 63061
 63063 63063 63065 63065 63067 63068 63068 63071 63071 63073
 63075 63075 63076 63078 63078 63079 63081 63081 63082 63082
 63083 63089 63090 63091 63091 63091 63092 63094 63096 63096


Array Size = 99
 64089 64055 64050 64074 64031 64055 64084 64034 64076 64010
 64086 64041 64075 64054 64080 64011 64019 64063 64036 64024
 64014 64039 64065 64096 64016 64007 64018 64053 64072 64031
 64084 64001 64067 64068 64031 64064 64012 64000 64069 64003
 64095 64043 64022 64096 64099 64030 64067 64021 64053 64023
 64034 64083 64034 64015 64070 64019 64055 64010 64017 64061
 64048 64085 64068 64068 64024 64037 64017 64066 64088 64083
 64050 64021 64071 64057 64088 64052 64074 64010 64094 64011
 64067 64034 64034 64095 64082 64034 64068 64027 64058 64069
 64014 64051 64031 64076 64082 64096 64077 64076 64089

Array Size = 93
 65000 65001 65001 65007 65009 65010 65012 65013 65013 65016
 65016 65017 65017 65018 65018 65020 65022 65022 65023 65024
 65025 65026 65028 65030 65030 65033 65033 65035 65035 65035
 65038 65038 65039 65039 65040 65041 65042 65043 65046 65048
 65048 65050 65050 65051 65051 65051 65052 65059 65061 65061
 65063 65063 65063 65063 65065 65067 65068 65069 65069 65070
 65072 65074 65075 65076 65076 65076 65076 65076 65077 65077
 65078 65078 65078 65078 65078 65079 65080 65082 65082 65084
 65086 65087 65087 65088 65090 65091 65092 65092 65093 65094
 65094 65096 65099

Array Size = 83
 66060 66016 66099 66030 66042 66028 66045 66037 66032 66044
 66080 66027 66069 66064 66026 66078 66058 66058 66091 66094
 66093 66077 66041 66007 66072 66089 66046 66078 66062 66043
 66088 66025 66090 66086 66070 66060 66053 66079 66078 66068
 66089 66012 66013 66078 66021 66053 66074 66018 66098 66074
 66036 66061 66080 66009 66057 66048 66043 66089 66097 66067
 66010 66029 66036 66049 66068 66058 66062 66066 66030 66022
 66094 66063 66015 66038 66074 66071 66064 66056 66097 66055
 66091 66019 66052

Array Size = 77
 67001 67001 67002 67003 67004 67006 67009 67009 67010 67014
 67014 67015 67017 67018 67019 67019 67019 67020 67020 67022
 67024 67024 67025 67026 67026 67028 67034 67035 67035 67038
 67038 67038 67039 67040 67041 67041 67043 67045 67046 67047
 67048 67051 67052 67057 67058 67059 67061 67062 67064 67066
 67067 67068 67070 67073 67076 67079 67079 67083 67083 67085
 67086 67086 67086 67087 67090 67090 67092 67092 67093 67094
 67095 67095 67095 67097 67098 67099 67099

Array Size = 90
 68050 68078 68054 68055 68079 68006 68062 68002 68038 68088
 68018 68057 68056 68046 68078 68021 68073 68067 68031 68058
 68050 68012 68094 68042 68036 68019 68095 68097 68016 68080
 68053 68091 68010 68096 68003 68029 68027 68088 68038 68040
 68012 68086 68088 68073 68088 68030 68021 68038 68078 68002
 68068 68051 68010 68052 68029 68033 68072 68010 68018 68033
 68004 68013 68025 68060 68014 68055 68021 68067 68080 68001
 68088 68029 68069 68077 68061 68037 68042 68055 68011 68014
 68053 68006 68058 68060 68034 68054 68064 68046 68030 68061


Array Size = 82
 69000 69001 69001 69005 69006 69006 69008 69010 69011 69011
 69011 69012 69013 69016 69016 69016 69017 69018 69019 69020
 69020 69021 69022 69022 69022 69023 69026 69026 69028 69032
 69034 69035 69036 69036 69036 69037 69041 69044 69045 69048
 69048 69050 69050 69051 69052 69052 69053 69056 69056 69057
 69059 69059 69062 69067 69067 69067 69069 69069 69069 69070
 69070 69070 69071 69073 69075 69076 69076 69077 69078 69079
 69082 69082 69083 69086 69088 69090 69090 69092 69093 69094
 69096 69097

Array Size = 43
 70088 70096 70047 70041 70049 70088 70085 70030 70035 70073
 70018 70052 70050 70026 70021 70075 70083 70029 70058 70036
 70029 70056 70070 70080 70063 70072 70064 70053 70099 70076
 70053 70056 70087 70099 70086 70044 70055 70091 70029 70034
 70076 70055 70020

Array Size = 37
 71000 71001 71002 71002 71003 71005 71006 71010 71016 71026
 71028 71030 71035 71036 71037 71043 71043 71044 71044 71046
 71048 71052 71053 71056 71063 71067 71067 71070 71071 71072
 71074 71079 71081 71085 71089 71090 71095

Array Size = 49
 72038 72076 72051 72004 72060 72056 72040 72003 72093 72010
 72044 72075 72002 72059 72041 72097 72028 72041 72073 72071
 72048 72093 72028 72009 72021 72004 72095 72061 72036 72071
 72038 72093 72042 72021 72066 72091 72076 72013 72087 72031
 72062 72077 72074 72063 72054 72007 72094 72019 72047

Array Size = 82
 73000 73002 73002 73002 73005 73005 73005 73006 73006 73009
 73010 73016 73019 73020 73022 73023 73023 73024 73026 73026
 73027 73028 73030 73032 73034 73035 73036 73037 73040 73040
 73042 73043 73045 73048 73048 73050 73050 73053 73055 73055
 73056 73059 73061 73063 73064 73064 73065 73065 73066 73067
 73067 73069 73070 73070 73070 73070 73071 73072 73074 73074
 73074 73074 73075 73076 73079 73081 73082 73083 73085 73086
 73087 73088 73088 73090 73090 73092 73094 73094 73095 73097
 73097 73099

Array Size = 47
 74023 74009 74028 74089 74001 74070 74076 74088 74017 74051
 74055 74000 74080 74064 74070 74053 74023 74076 74092 74045
 74057 74053 74088 74062 74046 74016 74065 74025 74067 74064
 74039 74055 74066 74099 74018 74082 74097 74014 74074 74082
 74053 74089 74066 74048 74017 74028 74085

Array Size = 50
 75000 75001 75002 75002 75008 75013 75015 75016 75018 75018
 75020 75022 75023 75026 75027 75027 75028 75028 75031 75033
 75035 75036 75044 75044 75046 75047 75048 75048 75056 75057
 75064 75065 75068 75070 75072 75075 75076 75076 75077 75080
 75081 75082 75084 75085 75087 75090 75091 75092 75095 75096


Array Size = 56
 76041 76031 76030 76063 76030 76070 76000 76031 76027 76051
 76072 76070 76094 76001 76031 76002 76047 76061 76013 76036
 76041 76024 76056 76067 76027 76085 76047 76063 76019 76002
 76090 76066 76006 76066 76098 76074 76013 76079 76017 76037
 76010 76009 76065 76007 76002 76043 76065 76095 76045 76067
 76004 76020 76072 76072 76082 76028

Array Size = 52
 77002 77004 77004 77005 77007 77009 77010 77010 77012 77013
 77014 77016 77017 77020 77022 77023 77024 77025 77030 77030
 77032 77035 77036 77042 77054 77054 77055 77056 77056 77057
 77058 77059 77059 77060 77065 77069 77071 77071 77072 77073
 77074 77075 77076 77079 77079 77086 77088 77092 77092 77096
 77098 77098

Array Size = 72
 78012 78030 78086 78054 78002 78002 78010 78037 78084 78037
 78078 78032 78074 78017 78023 78094 78016 78004 78011 78077
 78093 78090 78052 78089 78065 78085 78024 78008 78067 78059
 78026 78064 78057 78094 78093 78075 78046 78013 78061 78038
 78018 78024 78084 78014 78043 78090 78034 78095 78058 78086
 78084 78056 78002 78006 78040 78008 78047 78094 78041 78074
 78074 78009 78094 78005 78062 78030 78084 78030 78063 78010
 78024 78047

Array Size = 57
 79000 79000 79002 79003 79003 79004 79004 79005 79006 79009
 79011 79015 79018 79020 79022 79024 79025 79026 79026 79027
 79028 79030 79034 79036 79038 79038 79040 79042 79044 79047
 79050 79052 79053 79054 79058 79060 79062 79062 79063 79063
 79069 79069 79071 79074 79075 79075 79076 79079 79082 79084
 79087 79088 79093 79093 79096 79099 79099

Array Size = 29
 80018 80083 80073 80070 80011 80035 80036 80090 80008 80045
 80020 80026 80077 80035 80011 80036 80084 80042 80098 80021
 80079 80016 80015 80074 80019 80021 80061 80045 80063

Array Size = 86
 81001 81002 81002 81005 81005 81005 81006 81007 81009 81011
 81011 81012 81013 81014 81015 81015 81016 81018 81019 81021
 81022 81022 81023 81025 81025 81026 81028 81029 81034 81034
 81034 81035 81037 81037 81039 81043 81044 81046 81046 81049
 81050 81051 81052 81057 81059 81059 81059 81059 81061 81061
 81064 81065 81065 81069 81070 81072 81072 81074 81074 81076
 81077 81078 81078 81082 81082 81083 81083 81084 81085 81086
 81087 81087 81089 81089 81089 81092 81092 81093 81094 81094
 81097 81097 81098 81098 81099 81099

Array Size = 40
 82086 82077 82094 82064 82058 82095 82087 82000 82030 82053
 82049 82042 82066 82025 82016 82064 82071 82053 82006 82066
 82004 82069 82051 82037 82031 82087 82096 82052 82078 82050
 82070 82076 82085 82000 82080 82028 82036 82020 82037 82037


Array Size = 59
 83001 83002 83004 83005 83005 83011 83012 83013 83014 83015
 83015 83015 83020 83020 83025 83025 83025 83026 83028 83031
 83032 83032 83033 83033 83035 83038 83039 83041 83042 83042
 83044 83044 83048 83054 83054 83055 83056 83057 83061 83062
 83063 83068 83071 83072 83072 83076 83076 83077 83078 83084
 83085 83086 83087 83088 83089 83091 83093 83099 83099

Array Size = 53
 84054 84047 84049 84087 84077 84061 84004 84092 84081 84035
 84071 84059 84088 84015 84087 84080 84033 84034 84023 84089
 84048 84074 84054 84064 84067 84014 84089 84066 84026 84004
 84037 84004 84037 84040 84089 84064 84070 84087 84064 84079
 84065 84095 84065 84034 84028 84069 84048 84002 84038 84027
 84067 84075 84074

Array Size = 90
 85001 85001 85001 85003 85004 85004 85007 85007 85007 85008
 85009 85009 85010 85011 85012 85013 85014 85016 85017 85018
 85018 85018 85019 85019 85020 85020 85020 85023 85024 85026
 85027 85028 85028 85028 85030 85030 85030 85031 85031 85034
 85034 85035 85036 85038 85038 85039 85041 85041 85044 85044
 85044 85045 85045 85048 85048 85052 85052 85053 85053 85053
 85055 85060 85062 85064 85065 85065 85065 85065 85068 85068
 85076 85078 85078 85078 85082 85083 85083 85084 85084 85084
 85085 85085 85087 85087 85088 85089 85093 85095 85097 85098


Array Size = 19
 86012 86034 86062 86053 86020 86098 86037 86029 86028 86095
 86007 86086 86077 86018 86032 86001 86049 86040 86041

Array Size = 49
 87000 87001 87002 87004 87005 87007 87008 87012 87015 87018
 87018 87018 87019 87024 87030 87032 87035 87038 87039 87042
 87043 87043 87043 87044 87045 87048 87050 87051 87057 87058
 87059 87063 87066 87067 87069 87070 87076 87081 87082 87082
 87082 87087 87087 87087 87089 87093 87096 87096 87096

Array Size = 51
 88096 88055 88011 88041 88018 88054 88081 88025 88007 88098
 88059 88080 88040 88014 88029 88070 88079 88086 88016 88082
 88084 88040 88075 88083 88005 88074 88072 88045 88030 88051
 88058 88088 88042 88013 88089 88061 88033 88017 88054 88069
 88060 88001 88014 88004 88003 88054 88073 88073 88066 88035
 88031

Array Size = 34
 89000 89002 89007 89010 89015 89017 89019 89020 89021 89029
 89034 89039 89039 89047 89048 89051 89055 89059 89062 89064
 89067 89067 89075 89075 89077 89080 89081 89086 89089 89090
 89093 89096 89097 89098

Array Size = 97
 90074 90029 90061 90093 90051 90065 90084 90002 90066 90065
 90030 90009 90030 90030 90066 90066 90008 90066 90077 90085
 90060 90036 90057 90039 90017 90036 90066 90063 90089 90016
 90020 90024 90088 90058 90056 90066 90092 90035 90062 90087
 90025 90054 90011 90064 90094 90060 90078 90059 90042 90071
 90016 90067 90003 90019 90051 90052 90056 90030 90024 90038
 90091 90084 90081 90023 90066 90031 90002 90062 90047 90084
 90012 90016 90070 90045 90044 90041 90079 90062 90076 90088
 90023 90039 90064 90027 90075 90028 90041 90003 90099 90035
 90036 90075 90033 90014 90082 90088 90032

Array Size = 32
 91000 91000 91007 91011 91012 91013 91014 91019 91020 91023
 91025 91025 91028 91029 91033 91033 91037 91043 91047 91049
 91049 91049 91055 91056 91057 91060 91064 91069 91074 91087
 91092 91092

Array Size = 56
 92006 92012 92007 92078 92019 92080 92040 92031 92030 92090
 92056 92005 92094 92012 92092 92004 92020 92021 92048 92052
 92062 92074 92055 92018 92065 92017 92072 92085 92000 92030
 92032 92026 92051 92005 92028 92089 92008 92022 92020 92021
 92087 92087 92099 92092 92011 92046 92002 92071 92028 92039
 92030 92074 92056 92010 92074 92083

Array Size = 85
 93001 93001 93002 93002 93003 93005 93006 93006 93007 93009
 93010 93010 93014 93014 93018 93018 93018 93021 93023 93025
 93030 93031 93031 93034 93034 93035 93036 93039 93043 93043
 93049 93049 93049 93049 93050 93050 93054 93056 93057 93057
 93057 93059 93060 93061 93062 93062 93062 93064 93065 93065
 93067 93067 93069 93069 93070 93071 93072 93074 93074 93074
 93075 93076 93077 93078 93079 93079 93080 93080 93081 93082
 93082 93082 93084 93085 93087 93088 93088 93090 93091 93092
 93093 93094 93095 93096 93098

Array Size = 79
 94058 94074 94052 94051 94027 94019 94056 94096 94036 94023
 94043 94074 94041 94019 94040 94029 94092 94078 94027 94074
 94026 94061 94034 94093 94023 94039 94054 94006 94005 94009
 94047 94082 94045 94040 94092 94012 94091 94061 94064 94080
 94067 94082 94096 94057 94085 94082 94041 94084 94076 94064
 94013 94070 94006 94042 94089 94085 94093 94039 94045 94021
 94038 94033 94081 94028 94094 94007 94080 94097 94000 94004
 94007 94067 94020 94009 94003 94016 94088 94092 94092

Array Size = 86
 95000 95003 95003 95004 95005 95006 95010 95010 95011 95011
 95012 95012 95014 95016 95021 95022 95022 95022 95023 95024
 95027 95028 95028 95029 95029 95030 95031 95031 95032 95033
 95033 95034 95034 95034 95036 95037 95039 95041 95041 95041
 95042 95042 95045 95045 95048 95049 95049 95051 95051 95055
 95057 95058 95059 95061 95061 95063 95065 95067 95069 95069
 95070 95071 95071 95073 95076 95078 95079 95079 95080 95082
 95086 95086 95086 95091 95091 95091 95091 95091 95092 95092
 95093 95094 95096 95096 95096 95099

Array Size = 18
 96034 96047 96049 96093 96090 96026 96020 96094 96058 96039
 96033 96046 96054 96075 96078 96009 96096 96054

Array Size = 89
 97000 97001 97002 97006 97007 97008 97009 97010 97011 97012
 97012 97012 97013 97013 97015 97015 97016 97016 97017 97017
 97018 97019 97021 97022 97022 97023 97024 97024 97025 97025
 97026 97027 97028 97028 97029 97029 97030 97030 97030 97031
 97031 97033 97033 97036 97036 97038 97038 97038 97039 97042
 97042 97043 97046 97048 97048 97048 97049 97049 97051 97052
 97053 97057 97057 97058 97060 97061 97064 97065 97067 97067
 97070 97072 97074 97076 97078 97079 97080 97082 97082 97082
 97083 97083 97092 97094 97095 97099 97099 97099 97099

Array Size = 94
 98043 98051 98041 98097 98031 98068 98045 98075 98001 98049
 98096 98082 98009 98002 98052 98072 98057 98082 98089 98045
 98068 98071 98038 98049 98031 98007 98058 98069 98042 98020
 98022 98087 98065 98006 98060 98062 98081 98018 98093 98085
 98085 98056 98017 98010 98040 98040 98057 98081 98019 98065
 98091 98093 98075 98093 98003 98042 98052 98029 98036 98000
 98029 98064 98024 98015 98031 98014 98004 98078 98021 98071
 98057 98013 98047 98043 98028 98040 98021 98074 98034 98054
 98006 98030 98029 98033 98056 98006 98091 98019 98024 98059
 98075 98069 98032 98060

Array Size = 36
 99001 99004 99009 99009 99009 99009 99013 99017 99023 99025
 99029 99029 99031 99033 99034 99041 99052 99053 99054 99055
 99058 99059 99060 99062 99064 99074 99079 99084 99086 99087
 99088 99091 99093 99093 99094 99098
56 98096 98065 98042 98035 98085 98091 98099
 98079 98007 98013 98062 98073 98027 98023 98004 98029 98079
 98067 98095 98036 98056 98026 98023 98055 98006 98080 98063
 98013 98009 98041 98086 98074 98012 98070 98069 98044 98080
 98072 98089 98009 98018 98084 98092 98070 98061 98090 98067
 98090 98047 98034 98023 98096 98043

Array Size = 82
 99000 99002 99003 99003 99003 99007 99008 99009 99010 99012
 99013 99015 99015 99015 99016 99017 99018 99019 99020 99021
 99021 99022 99023 99024 99024 99026 99026 99026 99029 99031
 99031 99033 99034 99034 99036 99037 99037 99039 99041 99042
 99042 99043 99044 99044 99047 99048 99048 99050 99053 99056
 99056 99056 99057 99058 99059 99061 99063 99063 99064 99065
 99069 99071 99072 99073 99075 99076 99077 99082 99083 99085
 99089 99090 99090 99091 99092 99093 99094 99094 99095 99098
 99098 99099
088 99090 99091
 99093 99095 99095 99096 99096 99097 99099 99099
