
Array Size = 87
    78    23    14    36    70    93    37    21    75    15
    43    40    87    97    34    36    79    94    18    18
    25    98    21    25    62    19    31    53    54    19
    31    48    50    69    93    24    64    48    24    20
    93    95    97    22    64    10    60    42    93    15
    18    30    21     5    46    36    35    90    46    44
    91    52    70    36    26    94    53    44    69    93
    91    65    37    36    76    53    29    42    37    51
    73    19     7    68    57    16    23

Array Size = 54
  1002  1004  1010  1012  1012  1014  1017  1018  1020  1020
  1021  1024  1026  1027  1029  1031  1038  1039  1042  1044
  1046  1047  1048  1049  1051  1052  1054  1055  1057  1057
  1060  1061  1064  1067  1069  1069  1070  1070  1071  1071
  1072  1073  1074  1074  1075  1075  1078  1079  1088  1090
  1091  1095  1095  1097

Array Size = 25
  2039  2032  2086  2086  2094  2083  2007  2096  2020  2097
  2074  2082  2069  2063  2012  2088  2051  2039  2046  2081
  2073  2081  2026  2034  2083

Array Size = 73
  3000  3003  3003  3004  3005  3006  3006  3008  3009  3009
  3011  3014  3014  3016  3018  3018  3020  3021  3021  3022
  3023  3025  3026  3027  3030  3030  3031  3032  3033  3034
  3041  3042  3045  3047  3047  3048  3051  3052  3053  3054
  3059  3059  3060  3060  3061  3061  3062  3062  3063  3064
  3065  3068  3070  3070  3073  3073  3075  3075  3075  3076
  3077  3078  3079  3082  3086  3086  3088  3088  3088  3091
  3093  3096  3098

Array Size = 63
  4089  4048  4095  4067  4082  4009  4076  4096  4039  4081
  4015  4086  4011  4060  4082  4096  4093  4011  4072  4081
  4055  4017  4035  4071  4068  4036  4028  4060  4066  4083
  4006  4033  4023  4013  4072  4007  4061  4093  4018  4082
  4052  4092  4089  4009  4050  4006  4010  4012  4044  4013
  4098  4059  4060  4037  4048  4084  4014  4063  4049  4012
  4013  4035  4008

Array Size = 64
  5001  5001  5005  5006  5007  5011  5016  5018  5022  5025
  5025  5026  5026  5027  5028  5031  5032  5033  5036  5036
  5037  5038  5039  5041  5042  5043  5044  5044  5045  5046
  5046  5051  5054  5056  5056  5058  5061  5062  5064  5065
  5065  5068  5070  5070  5071  5071  5073  5074  5076  5077
  5077  5079  5081  5082  5084  5085  5085  5085  5089  5091
  5095  5096  5098  5099

Array Size = 50
  6020  6092  6000  6026  6005  6076  6096  6080  6072  6052
  6076  6022  6029  6077  6087  6023  6019  6001  6097  6049
  6083  6063  6000  6084  6035  6064  6066  6027  6046  6083
  6056  6003  6069  6033  6079  6074  6035  6002  6021  6085
  6018  6081  6037  6018  6087  6043  6084  6068  6001  6052


Array Size = 31
  7004  7005  7007  7011  7016  7023  7030  7036  7039  7039
  7042  7042  7043  7046  7047  7048  7048  7048  7052  7053
  7055  7056  7069  7071  7071  7077  7078  7079  7080  7081
  7085

Array Size = 15
  8070  8086  8083  8052  8020  8066  8048  8074  8089  8008
  8000  8094  8060  8045  8062

Array Size = 96
  9000  9001  9003  9004  9004  9004  9009  9009  9010  9013
  9013  9013  9017  9018  9018  9020  9022  9025  9026  9029
  9031  9031  9031  9031  9033  9034  9035  9036  9036  9039
  9041  9041  9041  9042  9043  9044  9044  9045  9045  9045
  9048  9050  9050  9051  9051  9053  9054  9055  9055  9055
  9055  9057  9057  9058  9059  9061  9061  9061  9061  9062
  9062  9062  9063  9065  9066  9067  9069  9069  9069  9070
  9070  9072  9073  9074  9075  9076  9078  9079  9080  9081
  9082  9082  9082  9082  9083  9083  9083  9086  9087  9090
  9090  9092  9093  9094  9096  9099

Array Size = 93
 10026 10073 10062 10073 10049 10098 10001 10077 10043 10021
 10079 10026 10032 10000 10090 10037 10077 10002 10066 10058
 10038 10083 10099 10024 10079 10022 10049 10091 10011 10082
 10022 10022 10040 10068 10031 10026 10085 10065 10022 10006
 10044 10074 10070 10055 10074 10010 10031 10059 10036 10072
 10053 10088 10060 10080 10056 10037 10026 10041 10017 10064
 10051 10002 10012 10094 10075 10035 10022 10058 10052 10013
 10031 10001 10018 10045 10039 10071 10048 10088 10074 10067
 10008 10019 10099 10092 10073 10003 10040 10038 10046 10087
 10026 10030 10046

Array Size = 47
 11002 11002 11003 11005 11006 11006 11007 11011 11013 11014
 11019 11020 11022 11028 11034 11035 11035 11036 11038 11046
 11047 11049 11049 11049 11052 11053 11054 11058 11059 11064
 11070 11072 11074 11076 11082 11082 11085 11085 11086 11086
 11089 11090 11094 11096 11098 11099 11099

Array Size = 53
 12031 12018 12001 12043 12027 12099 12025 12002 12063 12069
 12035 12051 12081 12050 12055 12000 12063 12026 12030 12035
 12010 12019 12094 12093 12073 12045 12048 12069 12072 12029
 12054 12083 12070 12055 12079 12055 12033 12092 12020 12053
 12016 12075 12056 12099 12013 12042 12039 12008 12046 12097
 12072 12089 12054

Array Size = 35
 13006 13008 13010 13014 13015 13020 13022 13023 13023 13027
 13030 13031 13034 13035 13037 13045 13045 13051 13051 13055
 13056 13057 13059 13061 13067 13069 13075 13085 13086 13090
 13091 13093 13095 13096 13098

Array Size = 55
 14078 14061 14091 14071 14056 14044 14085 14059 14051 14061
 14028 14023 14004 14004 14079 14043 14081 14005 14097 14086
 14028 14067 14049 14042 14070 14005 14075 14060 14000 14063
 14075 14064 14015 14041 14007 14009 14015 14018 14096 14003
 14082 14010 14041 14023 14072 14074 14093 14079 14066 14091
 14028 14045 14092 14092 14098

Array Size = 82
 15001 15001 15006 15007 15010 15011 15012 15012 15012 15017
 15020 15021 15021 15022 15022 15022 15023 15024 15024 15026
 15027 15027 15028 15030 15032 15033 15034 15035 15035 15036
 15038 15039 15040 15042 15042 15043 15044 15046 15046 15049
 15050 15051 15052 15052 15052 15052 15053 15055 15056 15060
 15064 15067 15069 15070 15070 15075 15075 15075 15079 15079
 15081 15081 15082 15082 15082 15083 15084 15086 15087 15088
 15088 15088 15090 15091 15092 15096 15097 15097 15097 15097
 15098 15099

Array Size = 79
 16014 16038 16053 16027 16053 16060 16026 16078 16063 16059
 16051 16058 16087 16074 16073 16038 16041 16094 16085 16037
 16016 16036 16045 16098 16096 16096 16058 16007 16040 16037
 16022 16057 16012 16024 16081 16057 16053 16059 16016 16008
 16035 16068 16020 16073 16099 16040 16013 16089 16099 16078
 16073 16057 16035 16086 16045 16067 16002 16032 16014 16041
 16038 16020 16064 16085 16016 16043 16039 16007 16070 16030
 16056 16098 16059 16002 16014 16075 16052 16007 16079

Array Size = 75
 17000 17001 17005 17006 17006 17006 17007 17008 17010 17010
 17010 17012 17014 17014 17014 17015 17016 17017 17021 17022
 17023 17027 17028 17029 17031 17035 17036 17036 17039 17040
 17041 17041 17043 17044 17046 17047 17050 17051 17056 17058
 17061 17062 17063 17063 17063 17064 17064 17064 17065 17066
 17069 17070 17072 17073 17073 17074 17074 17074 17076 17076
 17077 17077 17080 17080 17081 17083 17083 17084 17088 17089
 17092 17094 17095 17098 17099

Array Size = 73
 18051 18005 18052 18063 18088 18064 18068 18051 18083 18062
 18029 18063 18038 18002 18035 18006 18013 18039 18058 18026
 18097 18099 18062 18048 18091 18073 18082 18080 18035 18069
 18085 18005 18069 18089 18003 18029 18003 18014 18022 18082
 18074 18042 18069 18056 18045 18007 18039 18092 18056 18052
 18059 18031 18030 18020 18070 18077 18045 18027 18063 18018
 18034 18007 18050 18015 18085 18051 18077 18008 18090 18062
 18034 18024 18049

Array Size = 68
 19000 19000 19002 19004 19005 19005 19005 19005 19005 19008
 19010 19010 19010 19011 19015 19017 19018 19019 19019 19020
 19023 19023 19024 19025 19025 19026 19028 19033 19040 19042
 19044 19048 19048 19049 19049 19050 19051 19052 19053 19053
 19054 19056 19057 19061 19062 19062 19065 19065 19067 19067
 19070 19070 19071 19072 19074 19075 19075 19077 19079 19082
 19090 19092 19095 19096 19096 19097 19099 19099

Array Size = 42
 20075 20073 20017 20066 20074 20069 20053 20071 20023 20040
 20027 20049 20058 20040 20091 20058 20041 20081 20078 20076
 20001 20063 20092 20033 20007 20003 20016 20078 20069 20053
 20054 20079 20034 20075 20045 20023 20001 20052 20044 20080
 20004 20033

Array Size = 37
 21012 21016 21021 21025 21025 21030 21030 21034 21036 21039
 21041 21049 21049 21054 21058 21058 21059 21059 21060 21065
 21070 21070 21075 21077 21082 21082 21083 21085 21086 21086
 21087 21090 21092 21093 21094 21095 21098

Array Size = 78
 22044 22010 22069 22051 22067 22067 22056 22061 22001 22014
 22043 22062 22074 22072 22038 22057 22071 22092 22099 22006
 22053 22043 22076 22077 22002 22086 22099 22098 22095 22015
 22007 22062 22087 22036 22079 22096 22003 22004 22051 22061
 22037 22082 22012 22064 22094 22077 22024 22059 22022 22032
 22042 22075 22090 22023 22054 22085 22091 22045 22032 22024
 22026 22006 22025 22086 22083 22033 22067 22005 22019 22056
 22074 22078 22068 22095 22077 22059 22042 22071

Array Size = 24
 23000 23001 23004 23008 23008 23010 23013 23015 23022 23025
 23040 23041 23049 23050 23056 23059 23061 23071 23071 23072
 23075 23077 23096 23097

Array Size = 52
 24013 24019 24087 24058 24030 24025 24044 24013 24037 24084
 24025 24055 24059 24074 24049 24016 24014 24082 24068 24085
 24096 24099 24049 24074 24053 24046 24093 24037 24064 24008
 24087 24066 24024 24097 24015 24023 24015 24022 24052 24076
 24041 24055 24054 24067 24044 24033 24089 24032 24016 24054
 24042 24000

Array Size = 15
 25021 25023 25029 25034 25050 25050 25050 25060 25062 25075
 25082 25082 25093 25095 25098

Array Size = 76
 26066 26060 26052 26069 26098 26029 26070 26024 26081 26079
 26011 26055 26084 26079 26003 26090 26086 26012 26099 26086
 26086 26094 26037 26094 26024 26032 26036 26037 26016 26049
 26069 26071 26084 26019 26066 26049 26047 26047 26002 26018
 26056 26020 26018 26063 26041 26034 26052 26074 26076 26052
 26051 26053 26001 26091 26072 26084 26092 26026 26066 26085
 26091 26029 26074 26068 26012 26099 26074 26097 26082 26021
 26092 26088 26049 26042 26049 26032

Array Size = 95
 27000 27002 27004 27005 27005 27006 27007 27007 27008 27009
 27010 27011 27012 27012 27013 27013 27013 27014 27015 27015
 27019 27019 27019 27021 27022 27022 27024 27024 27026 27026
 27028 27028 27028 27036 27037 27038 27038 27040 27040 27041
 27041 27041 27041 27042 27042 27047 27047 27048 27049 27050
 27051 27051 27051 27054 27054 27057 27059 27060 27062 27066
 27066 27066 27067 27067 27068 27069 27073 27073 27073 27074
 27074 27075 27076 27076 27077 27077 27077 27081 27082 27083
 27083 27084 27085 27086 27087 27087 27089 27090 27091 27093
 27093 27095 27097 27097 27097

Array Size = 27
 28064 28096 28080 28022 28040 28001 28090 28073 28013 28057
 28066 28094 28094 28089 28062 28081 28097 28038 28073 28063
 28050 28022 28009 28003 28086 28033 28039

Array Size = 47
 29004 29005 29007 29008 29009 29010 29013 29019 29031 29032
 29034 29035 29035 29036 29044 29044 29045 29047 29049 29051
 29051 29052 29059 29060 29068 29069 29070 29070 29071 29074
 29075 29080 29080 29082 29083 29085 29085 29086 29088 29089
 29092 29094 29095 29095 29095 29097 29099

Array Size = 85
 30051 30078 30020 30092 30038 30068 30024 30003 30051 30095
 30039 30046 30038 30071 30028 30069 30084 30014 30026 30088
 30097 30058 30035 30075 30082 30029 30055 30046 30067 30072
 30018 30031 30013 30090 30030 30015 30071 30095 30099 30080
 30016 30005 30099 30099 30092 30013 30031 30023 30095 30080
 30098 30025 30080 30057 30039 30044 30060 30009 30064 30004
 30004 30017 30016 30088 30070 30002 30021 30097 30076 30063
 30035 30003 30046 30038 30081 30094 30020 30093 30075 30017
 30026 30064 30040 30046 30066

Array Size = 88
 31003 31003 31006 31008 31008 31011 31011 31011 31012 31015
 31016 31017 31017 31018 31019 31020 31020 31023 31023 31024
 31026 31028 31029 31030 31031 31031 31034 31038 31038 31038
 31038 31039 31041 31042 31042 31043 31044 31045 31045 31046
 31048 31049 31051 31053 31053 31054 31054 31058 31059 31060
 31061 31063 31064 31065 31066 31066 31067 31067 31068 31069
 31071 31071 31072 31072 31072 31073 31076 31077 31077 31077
 31077 31078 31081 31082 31083 31085 31085 31087 31088 31088
 31088 31090 31094 31094 31095 31097 31099 31099

Array Size = 85
 32012 32091 32046 32027 32049 32087 32094 32062 32010 32067
 32080 32029 32007 32092 32004 32015 32075 32017 32037 32036
 32072 32067 32012 32010 32088 32081 32036 32089 32016 32037
 32085 32031 32008 32067 32064 32014 32041 32051 32062 32033
 32076 32059 32081 32046 32036 32087 32042 32058 32099 32086
 32095 32073 32033 32009 32087 32079 32065 32088 32099 32050
 32061 32075 32089 32080 32065 32082 32006 32007 32080 32066
 32061 32043 32021 32093 32080 32041 32017 32053 32069 32080
 32019 32036 32098 32023 32045

Array Size = 96
 33000 33002 33004 33007 33007 33008 33009 33009 33009 33011
 33012 33013 33013 33015 33015 33016 33018 33019 33021 33021
 33021 33022 33022 33025 33025 33026 33026 33026 33027 33028
 33031 33031 33031 33033 33033 33034 33035 33038 33038 33039
 33039 33039 33039 33039 33041 33041 33047 33047 33048 33049
 33050 33051 33051 33053 33056 33057 33057 33058 33060 33061
 33061 33061 33062 33062 33062 33063 33065 33065 33066 33066
 33070 33072 33073 33075 33076 33077 33079 33082 33082 33082
 33084 33084 33085 33087 33091 33091 33092 33092 33094 33096
 33096 33097 33098 33098 33098 33098

Array Size = 56
 34058 34031 34022 34014 34036 34013 34000 34000 34083 34023
 34084 34048 34032 34074 34091 34083 34080 34095 34019 34044
 34099 34037 34089 34011 34023 34098 34017 34090 34017 34044
 34091 34093 34047 34050 34006 34025 34023 34002 34026 34026
 34059 34085 34035 34000 34024 34045 34055 34091 34096 34071
 34082 34062 34017 34068 34042 34020

Array Size = 33
 35001 35001 35003 35004 35005 35005 35007 35012 35014 35015
 35016 35017 35019 35019 35022 35026 35026 35028 35031 35032
 35042 35052 35056 35057 35059 35068 35070 35074 35074 35075
 35076 35085 35096

Array Size = 86
 36004 36045 36014 36059 36089 36030 36092 36001 36042 36001
 36082 36027 36053 36082 36062 36043 36016 36063 36092 36049
 36031 36058 36038 36018 36078 36049 36027 36000 36074 36084
 36063 36085 36083 36028 36015 36048 36048 36098 36071 36016
 36091 36056 36068 36011 36095 36027 36056 36036 36095 36045
 36090 36004 36001 36007 36026 36051 36090 36006 36047 36039
 36043 36088 36042 36018 36048 36092 36075 36045 36062 36066
 36024 36001 36032 36013 36045 36047 36031 36072 36013 36004
 36084 36052 36083 36083 36093 36043

Array Size = 60
 37005 37006 37008 37008 37010 37010 37010 37011 37013 37014
 37014 37016 37016 37017 37018 37020 37022 37022 37023 37023
 37024 37025 37029 37035 37036 37040 37042 37042 37042 37043
 37043 37051 37051 37052 37054 37054 37057 37057 37058 37058
 37060 37061 37062 37062 37062 37063 37063 37064 37064 37068
 37069 37071 37073 37073 37074 37078 37083 37086 37095 37099


Array Size = 63
 38051 38089 38008 38083 38041 38054 38069 38078 38084 38091
 38031 38048 38006 38036 38013 38073 38059 38037 38020 38056
 38017 38067 38043 38094 38058 38047 38064 38037 38076 38064
 38067 38090 38005 38080 38058 38017 38053 38050 38087 38035
 38040 38068 38002 38017 38035 38057 38076 38036 38020 38069
 38042 38042 38080 38055 38020 38024 38043 38033 38078 38065
 38019 38099 38001

Array Size = 30
 39003 39006 39009 39012 39014 39015 39017 39018 39021 39022
 39028 39041 39044 39046 39049 39056 39057 39060 39063 39065
 39076 39076 39077 39079 39087 39088 39094 39096 39097 39099


Array Size = 44
 40007 40097 40090 40040 40009 40067 40071 40077 40040 40040
 40089 40065 40045 40036 40064 40063 40072 40006 40015 40097
 40015 40052 40080 40086 40087 40025 40069 40017 40025 40083
 40035 40038 40074 40075 40025 40097 40092 40001 40006 40097
 40000 40014 40028 40001

Array Size = 80
 41001 41005 41007 41008 41010 41010 41010 41012 41012 41016
 41016 41016 41018 41018 41019 41020 41020 41021 41021 41024
 41024 41024 41025 41025 41025 41026 41026 41026 41028 41028
 41028 41029 41029 41030 41031 41034 41037 41037 41043 41043
 41043 41045 41045 41045 41047 41049 41051 41056 41058 41060
 41061 41064 41064 41065 41066 41066 41068 41071 41072 41072
 41072 41073 41073 41074 41076 41078 41078 41078 41078 41079
 41079 41082 41083 41083 41087 41088 41088 41091 41094 41095


Array Size = 73
 42024 42074 42002 42018 42090 42079 42082 42013 42006 42021
 42045 42061 42087 42020 42056 42025 42003 42003 42056 42078
 42031 42090 42093 42028 42076 42031 42031 42061 42043 42085
 42062 42069 42069 42046 42073 42019 42042 42006 42022 42068
 42077 42047 42028 42029 42028 42024 42090 42021 42005 42015
 42027 42065 42001 42060 42019 42075 42054 42023 42078 42082
 42048 42080 42083 42037 42035 42070 42044 42055 42094 42067
 42050 42007 42025

Array Size = 70
 43000 43002 43002 43004 43007 43007 43007 43009 43011 43013
 43013 43018 43020 43022 43023 43024 43025 43026 43028 43028
 43028 43036 43038 43040 43045 43045 43046 43047 43047 43047
 43051 43051 43057 43058 43059 43060 43063 43066 43068 43069
 43069 43069 43069 43070 43072 43073 43073 43075 43078 43078
 43080 43080 43081 43081 43084 43086 43086 43087 43087 43087
 43088 43088 43089 43092 43094 43094 43094 43095 43096 43099


Array Size = 58
 44031 44055 44068 44061 44083 44036 44049 44042 44034 44080
 44072 44065 44016 44019 44097 44082 44023 44047 44089 44089
 44056 44085 44075 44072 44078 44028 44054 44027 44070 44057
 44013 44098 44035 44069 44089 44098 44017 44023 44028 44044
 44053 44096 44032 44062 44076 44085 44009 44037 44015 44000
 44052 44080 44025 44024 44004 44001 44074 44070

Array Size = 98
 45000 45001 45002 45002 45003 45005 45011 45016 45016 45017
 45018 45020 45020 45021 45021 45021 45022 45022 45022 45023
 45025 45025 45025 45026 45027 45027 45027 45028 45029 45029
 45031 45032 45033 45034 45035 45035 45035 45036 45036 45036
 45038 45040 45040 45041 45042 45042 45042 45045 45045 45045
 45047 45047 45049 45049 45051 45055 45057 45057 45058 45060
 45061 45061 45062 45063 45063 45065 45065 45066 45068 45068
 45070 45071 45072 45074 45076 45078 45079 45080 45080 45082
 45085 45087 45087 45088 45088 45088 45090 45091 45091 45092
 45093 45094 45095 45096 45096 45096 45097 45099

Array Size = 33
 46028 46004 46024 46079 46040 46080 46001 46037 46080 46027
 46003 46021 46064 46080 46076 46099 46004 46016 46025 46084
 46090 46018 46096 46019 46025 46095 46067 46088 46084 46004
 46015 46044 46067

Array Size = 54
 47001 47007 47008 47012 47013 47014 47015 47016 47017 47019
 47019 47020 47024 47025 47026 47027 47028 47031 47034 47036
 47038 47039 47039 47040 47041 47043 47046 47047 47049 47049
 47050 47053 47054 47056 47063 47063 47065 47065 47068 47071
 47072 47075 47077 47084 47086 47088 47091 47094 47094 47094
 47095 47095 47098 47099

Array Size = 96
 48051 48057 48035 48056 48033 48038 48089 48062 48068 48002
 48010 48093 48060 48047 48097 48048 48036 48035 48028 48034
 48060 48059 48037 48098 48004 48074 48046 48087 48014 48057
 48031 48024 48064 48091 48067 48048 48036 48063 48022 48023
 48050 48063 48078 48043 48070 48011 48028 48082 48059 48007
 48080 48061 48004 48019 48030 48087 48046 48095 48035 48049
 48014 48069 48062 48068 48057 48070 48063 48094 48048 48034
 48096 48094 48056 48000 48000 48056 48035 48017 48052 48000
 48071 48031 48001 48029 48026 48049 48038 48025 48084 48085
 48063 48076 48002 48092 48067 48011

Array Size = 15
 49021 49021 49022 49025 49051 49058 49059 49063 49071 49075
 49077 49088 49090 49094 49098

Array Size = 98
 50094 50024 50023 50040 50056 50011 50034 50012 50050 50055
 50086 50034 50035 50075 50063 50037 50093 50033 50066 50019
 50082 50046 50008 50003 50095 50004 50036 50035 50071 50074
 50070 50080 50037 50012 50054 50051 50044 50012 50071 50069
 50070 50046 50030 50063 50051 50075 50036 50050 50083 50079
 50030 50051 50067 50027 50069 50052 50028 50011 50003 50027
 50002 50038 50028 50019 50020 50078 50027 50012 50013 50045
 50021 50049 50065 50040 50090 50007 50016 50074 50082 50014
 50029 50027 50054 50082 50085 50002 50047 50003 50036 50099
 50028 50086 50019 50014 50041 50048 50039 50019

Array Size = 73
 51000 51001 51001 51004 51005 51006 51006 51009 51009 51010
 51011 51014 51015 51016 51016 51016 51016 51019 51020 51022
 51023 51024 51025 51027 51032 51033 51033 51036 51041 51041
 51043 51044 51045 51046 51046 51047 51049 51050 51055 51055
 51057 51058 51064 51064 51068 51070 51070 51072 51073 51073
 51073 51075 51075 51076 51079 51080 51080 51082 51083 51084
 51086 51089 51090 51090 51090 51091 51091 51092 51094 51096
 51098 51099 51099

Array Size = 97
 52074 52081 52066 52061 52001 52045 52064 52069 52030 52088
 52069 52071 52025 52053 52052 52073 52061 52095 52075 52078
 52091 52002 52006 52002 52002 52096 52008 52043 52040 52050
 52094 52083 52004 52026 52002 52018 52087 52055 52067 52087
 52099 52081 52085 52056 52041 52072 52054 52055 52029 52079
 52072 52001 52075 52046 52075 52055 52024 52046 52072 52024
 52096 52035 52073 52045 52063 52051 52069 52036 52053 52048
 52084 52043 52005 52016 52026 52066 52064 52003 52080 52005
 52037 52012 52094 52087 52060 52064 52034 52017 52062 52001
 52022 52078 52000 52033 52096 52079 52062

Array Size = 79
 53000 53003 53003 53011 53011 53012 53017 53017 53018 53019
 53020 53020 53021 53021 53022 53022 53023 53025 53027 53027
 53028 53029 53029 53030 53031 53032 53034 53034 53034 53035
 53036 53040 53042 53042 53044 53044 53045 53047 53049 53053
 53057 53057 53059 53062 53063 53064 53064 53066 53066 53066
 53066 53066 53068 53070 53071 53071 53071 53075 53076 53077
 53078 53082 53083 53083 53084 53085 53086 53087 53089 53090
 53091 53092 53093 53093 53094 53094 53094 53095 53099

Array Size = 70
 54014 54097 54037 54094 54039 54080 54096 54005 54038 54078
 54066 54085 54078 54076 54083 54071 54084 54091 54091 54037
 54044 54082 54096 54075 54014 54055 54046 54005 54085 54076
 54023 54046 54075 54008 54006 54096 54045 54096 54061 54011
 54014 54036 54099 54010 54014 54099 54075 54029 54042 54012
 54064 54094 54099 54086 54056 54058 54090 54079 54027 54094
 54092 54081 54060 54095 54006 54093 54046 54028 54055 54079


Array Size = 51
 55000 55002 55006 55008 55009 55010 55011 55012 55016 55018
 55027 55028 55029 55030 55032 55039 55041 55045 55046 55047
 55047 55048 55050 55051 55052 55054 55054 55055 55056 55056
 55056 55056 55060 55062 55064 55064 55065 55072 55072 55076
 55077 55078 55078 55082 55083 55085 55085 55086 55087 55090
 55096

Array Size = 14
 56039 56009 56002 56072 56014 56016 56010 56027 56012 56062
 56086 56028 56096 56047

Array Size = 90
 57000 57001 57001 57001 57002 57002 57004 57004 57005 57005
 57007 57007 57007 57008 57008 57008 57010 57014 57019 57021
 57022 57024 57025 57025 57030 57030 57030 57030 57031 57032
 57032 57033 57042 57043 57043 57043 57044 57044 57044 57045
 57045 57046 57046 57048 57048 57050 57052 57053 57054 57054
 57054 57055 57056 57058 57058 57058 57059 57059 57061 57061
 57062 57063 57066 57068 57069 57069 57070 57070 57071 57073
 57074 57074 57074 57077 57077 57078 57079 57080 57080 57082
 57083 57084 57088 57090 57094 57094 57095 57097 57097 57099


Array Size = 41
 58068 58045 58062 58053 58088 58083 58047 58086 58020 58046
 58043 58028 58090 58085 58062 58022 58086 58012 58019 58078
 58046 58076 58002 58042 58008 58091 58084 58092 58004 58065
 58048 58068 58056 58045 58033 58051 58042 58062 58076 58004
 58074

Array Size = 27
 59003 59005 59007 59014 59016 59019 59023 59025 59028 59029
 59031 59031 59037 59037 59040 59045 59056 59060 59077 59080
 59084 59088 59094 59095 59096 59096 59098

Array Size = 43
 60022 60045 60062 60064 60093 60015 60086 60015 60001 60016
 60087 60040 60046 60080 60096 60018 60017 60036 60010 60087
 60068 60043 60057 60028 60063 60075 60026 60057 60025 60079
 60021 60004 60089 60002 60048 60038 60060 60040 60092 60020
 60069 60064 60068

Array Size = 81
 61000 61001 61007 61010 61010 61011 61012 61015 61016 61016
 61018 61018 61019 61020 61020 61021 61021 61024 61026 61027
 61027 61029 61031 61031 61031 61032 61032 61033 61033 61036
 61036 61036 61036 61039 61041 61042 61044 61044 61044 61044
 61049 61049 61049 61051 61054 61057 61060 61061 61061 61064
 61064 61065 61067 61068 61070 61070 61070 61070 61070 61071
 61071 61072 61073 61073 61074 61075 61075 61078 61079 61082
 61083 61083 61084 61086 61087 61087 61092 61093 61097 61097
 61098

Array Size = 63
 62044 62099 62008 62069 62006 62059 62022 62066 62047 62012
 62015 62066 62060 62023 62032 62088 62074 62087 62027 62047
 62047 62085 62003 62033 62008 62070 62057 62067 62039 62002
 62016 62062 62031 62092 62049 62029 62028 62011 62038 62075
 62006 62019 62057 62019 62045 62034 62073 62099 62067 62032
 62087 62098 62022 62097 62068 62048 62074 62006 62017 62002
 62019 62092 62027

Array Size = 98
 63002 63002 63003 63003 63004 63007 63008 63008 63009 63010
 63011 63011 63015 63015 63018 63018 63020 63020 63021 63021
 63022 63022 63023 63023 63024 63026 63026 63027 63027 63028
 63029 63030 63030 63031 63032 63032 63033 63035 63035 63035
 63036 63036 63036 63038 63039 63039 63039 63040 63041 63041
 63041 63045 63046 63047 63048 63049 63049 63051 63052 63053
 63053 63053 63054 63058 63058 63059 63060 63064 63064 63064
 63064 63067 63070 63070 63071 63072 63072 63073 63073 63073
 63073 63075 63077 63077 63077 63080 63081 63082 63083 63087
 63090 63093 63094 63094 63095 63097 63097 63099

Array Size = 24
 64034 64097 64039 64006 64052 64056 64056 64023 64052 64043
 64035 64029 64088 64034 64016 64075 64030 64087 64079 64088
 64059 64020 64069 64058

Array Size = 35
 65001 65007 65009 65012 65022 65029 65037 65037 65038 65039
 65045 65047 65048 65051 65054 65059 65060 65063 65066 65067
 65067 65074 65076 65077 65077 65081 65081 65081 65087 65088
 65089 65090 65091 65091 65097

Array Size = 14
 66018 66003 66021 66028 66076 66032 66064 66019 66056 66016
 66017 66094 66068 66046

Array Size = 87
 67002 67003 67003 67007 67009 67009 67010 67010 67012 67013
 67015 67015 67015 67017 67017 67018 67019 67019 67019 67019
 67020 67020 67021 67022 67023 67024 67025 67027 67027 67027
 67029 67029 67031 67031 67033 67034 67034 67035 67036 67036
 67037 67039 67042 67042 67043 67046 67046 67047 67048 67049
 67049 67049 67051 67053 67054 67056 67059 67059 67059 67061
 67063 67067 67067 67069 67070 67071 67073 67073 67074 67074
 67076 67078 67078 67079 67080 67083 67085 67085 67086 67087
 67088 67089 67089 67094 67098 67098 67099

Array Size = 22
 68076 68020 68055 68046 68025 68019 68034 68092 68056 68022
 68030 68086 68091 68067 68075 68098 68048 68048 68026 68073
 68025 68062

Array Size = 43
 69004 69006 69006 69008 69014 69015 69016 69016 69017 69024
 69024 69026 69034 69034 69039 69040 69045 69046 69047 69048
 69054 69054 69056 69058 69058 69058 69059 69065 69067 69069
 69069 69070 69075 69080 69083 69084 69085 69086 69089 69091
 69094 69097 69099

Array Size = 61
 70031 70040 70057 70074 70056 70023 70090 70048 70013 70010
 70017 70063 70078 70045 70047 70081 70073 70037 70084 70027
 70000 70086 70038 70047 70060 70076 70061 70018 70089 70068
 70021 70020 70044 70056 70045 70056 70070 70047 70094 70085
 70021 70052 70078 70012 70032 70068 70004 70002 70037 70033
 70086 70058 70081 70088 70067 70038 70090 70076 70091 70039
 70010

Array Size = 17
 71001 71005 71012 71023 71023 71028 71029 71031 71033 71042
 71044 71055 71064 71079 71079 71089 71091

Array Size = 23
 72028 72064 72008 72025 72046 72071 72090 72047 72011 72071
 72022 72004 72024 72033 72086 72073 72088 72010 72017 72090
 72075 72066 72003

Array Size = 92
 73001 73005 73005 73005 73006 73006 73007 73007 73009 73012
 73012 73014 73015 73017 73018 73020 73020 73020 73021 73022
 73022 73024 73024 73026 73027 73031 73031 73031 73033 73033
 73036 73039 73039 73040 73042 73043 73043 73044 73045 73046
 73046 73046 73047 73047 73047 73049 73050 73052 73052 73054
 73056 73056 73059 73062 73063 73064 73064 73066 73066 73067
 73069 73073 73074 73074 73078 73079 73079 73080 73080 73081
 73084 73085 73086 73087 73088 73088 73089 73089 73089 73090
 73090 73091 73091 73091 73091 73091 73091 73093 73096 73097
 73097 73099

Array Size = 22
 74047 74018 74063 74074 74022 74062 74024 74036 74023 74021
 74004 74089 74087 74047 74010 74056 74016 74019 74016 74003
 74033 74026

Array Size = 25
 75001 75002 75012 75013 75016 75018 75024 75025 75029 75029
 75032 75040 75042 75045 75046 75057 75066 75072 75074 75075
 75076 75079 75080 75089 75095

Array Size = 16
 76090 76097 76049 76067 76013 76074 76083 76064 76084 76087
 76033 76006 76091 76054 76005 76066

Array Size = 23
 77006 77007 77008 77031 77034 77039 77040 77044 77049 77051
 77052 77056 77077 77077 77082 77085 77088 77089 77089 77090
 77093 77095 77096

Array Size = 53
 78090 78095 78066 78011 78008 78003 78004 78011 78076 78070
 78013 78063 78002 78079 78079 78046 78004 78079 78069 78005
 78065 78027 78062 78047 78006 78080 78099 78077 78005 78012
 78021 78097 78003 78018 78031 78033 78008 78076 78033 78060
 78086 78024 78041 78003 78015 78035 78063 78018 78038 78089
 78009 78071 78091

Array Size = 66
 79000 79005 79006 79006 79006 79008 79008 79015 79017 79018
 79019 79020 79021 79021 79022 79023 79024 79025 79025 79026
 79027 79028 79029 79030 79032 79033 79034 79039 79039 79040
 79040 79040 79041 79042 79042 79044 79044 79045 79047 79049
 79050 79053 79054 79054 79055 79056 79065 79066 79070 79072
 79074 79074 79079 79079 79080 79081 79082 79084 79085 79086
 79088 79089 79090 79091 79095 79099

Array Size = 76
 80089 80081 80000 80072 80083 80088 80046 80027 80098 80026
 80034 80021 80037 80015 80057 80097 80008 80045 80073 80019
 80035 80040 80003 80014 80040 80085 80057 80051 80061 80001
 80047 80044 80072 80077 80040 80046 80034 80063 80093 80058
 80041 80088 80088 80000 80010 80097 80030 80017 80065 80049
 80067 80096 80016 80064 80093 80011 80033 80029 80032 80064
 80066 80088 80022 80087 80028 80059 80049 80059 80003 80083
 80044 80051 80086 80076 80044 80020

Array Size = 48
 81002 81005 81005 81008 81009 81012 81013 81014 81015 81018
 81019 81019 81020 81021 81023 81024 81025 81027 81029 81030
 81036 81039 81040 81040 81045 81051 81051 81054 81058 81058
 81062 81063 81064 81064 81072 81072 81075 81085 81086 81088
 81090 81090 81094 81094 81097 81098 81098 81099

Array Size = 36
 82095 82006 82094 82015 82092 82080 82055 82023 82005 82051
 82003 82027 82022 82077 82073 82004 82084 82059 82055 82014
 82005 82028 82027 82041 82070 82069 82097 82090 82046 82009
 82048 82033 82093 82088 82076 82000

Array Size = 42
 83003 83004 83004 83005 83005 83007 83009 83018 83020 83023
 83024 83025 83025 83029 83032 83042 83044 83045 83046 83046
 83047 83050 83060 83062 83069 83070 83072 83073 83075 83077
 83077 83079 83079 83083 83083 83085 83087 83088 83088 83090
 83096 83099

Array Size = 89
 84028 84053 84085 84090 84001 84018 84029 84012 84033 84053
 84000 84092 84066 84056 84054 84066 84018 84046 84026 84065
 84003 84061 84004 84054 84022 84078 84063 84081 84075 84055
 84013 84045 84015 84083 84015 84079 84056 84091 84088 84061
 84017 84002 84071 84012 84010 84029 84084 84075 84016 84006
 84071 84001 84028 84075 84079 84084 84071 84083 84074 84033
 84009 84080 84025 84035 84025 84042 84072 84056 84004 84045
 84041 84096 84015 84091 84078 84094 84003 84008 84041 84092
 84019 84076 84006 84022 84007 84098 84073 84049 84085

Array Size = 23
 85000 85000 85001 85005 85015 85015 85020 85025 85031 85034
 85036 85040 85047 85055 85059 85063 85064 85065 85066 85078
 85087 85090 85090

Array Size = 15
 86015 86065 86047 86062 86096 86067 86074 86033 86094 86027
 86033 86025 86091 86061 86011

Array Size = 92
 87001 87001 87004 87005 87006 87006 87006 87007 87009 87010
 87010 87016 87018 87018 87020 87020 87021 87022 87022 87023
 87026 87028 87030 87030 87031 87032 87033 87034 87034 87035
 87036 87037 87038 87038 87039 87039 87041 87043 87043 87044
 87045 87046 87046 87046 87047 87048 87049 87050 87051 87052
 87054 87054 87054 87055 87055 87055 87057 87060 87062 87063
 87063 87063 87064 87064 87065 87067 87067 87068 87068 87069
 87070 87072 87074 87076 87076 87078 87080 87080 87083 87083
 87083 87085 87086 87086 87086 87087 87089 87091 87093 87093
 87093 87095

Array Size = 41
 88039 88074 88031 88016 88015 88017 88056 88020 88084 88065
 88005 88050 88068 88054 88038 88084 88017 88008 88038 88069
 88098 88034 88020 88031 88035 88075 88073 88026 88001 88027
 88053 88072 88086 88052 88071 88005 88086 88037 88055 88056
 88017

Array Size = 42
 89003 89004 89006 89006 89010 89014 89015 89020 89021 89023
 89024 89024 89027 89027 89029 89034 89034 89037 89038 89043
 89045 89045 89046 89057 89058 89065 89069 89071 89073 89073
 89077 89077 89079 89080 89082 89084 89085 89086 89086 89087
 89092 89097

Array Size = 73
 90039 90050 90069 90039 90015 90072 90070 90007 90087 90069
 90043 90012 90001 90089 90045 90019 90065 90097 90078 90096
 90009 90023 90068 90098 90067 90060 90001 90086 90059 90004
 90051 90028 90011 90076 90079 90072 90099 90013 90067 90096
 90008 90002 90087 90089 90062 90040 90092 90071 90073 90072
 90043 90079 90080 90094 90071 90041 90091 90055 90025 90030
 90020 90047 90094 90024 90037 90014 90061 90030 90002 90043
 90080 90086 90068

Array Size = 44
 91013 91014 91015 91024 91025 91025 91026 91026 91029 91031
 91040 91041 91042 91044 91046 91047 91048 91049 91051 91052
 91052 91058 91058 91061 91062 91065 91065 91066 91075 91075
 91076 91076 91085 91087 91087 91088 91088 91088 91089 91089
 91090 91091 91094 91095

Array Size = 94
 92096 92028 92025 92096 92039 92095 92006 92040 92065 92017
 92009 92052 92091 92074 92015 92084 92093 92088 92007 92063
 92080 92025 92083 92043 92052 92068 92053 92000 92027 92008
 92000 92000 92079 92094 92065 92043 92051 92024 92076 92026
 92011 92074 92079 92011 92041 92080 92069 92014 92043 92093
 92026 92027 92058 92033 92061 92074 92039 92067 92009 92080
 92029 92073 92017 92084 92073 92087 92097 92014 92070 92077
 92033 92081 92091 92099 92003 92040 92017 92063 92082 92058
 92087 92047 92012 92025 92084 92079 92019 92047 92061 92060
 92067 92089 92083 92073

Array Size = 92
 93000 93003 93008 93009 93009 93011 93011 93011 93012 93012
 93012 93012 93014 93014 93014 93016 93017 93017 93017 93018
 93019 93021 93022 93023 93024 93025 93026 93028 93029 93029
 93030 93030 93030 93031 93035 93035 93041 93042 93042 93043
 93046 93048 93048 93048 93048 93049 93050 93053 93055 93056
 93056 93057 93058 93062 93063 93063 93066 93066 93067 93069
 93069 93069 93070 93072 93072 93072 93075 93077 93078 93078
 93078 93079 93079 93079 93081 93085 93085 93086 93086 93086
 93087 93087 93087 93089 93091 93093 93093 93093 93094 93095
 93095 93098

Array Size = 63
 94027 94039 94033 94023 94009 94094 94044 94038 94005 94073
 94064 94013 94082 94006 94037 94068 94091 94078 94092 94013
 94012 94063 94087 94083 94053 94060 94043 94059 94068 94047
 94044 94041 94082 94064 94040 94075 94009 94077 94091 94089
 94022 94018 94044 94079 94082 94055 94029 94073 94073 94001
 94035 94066 94046 94064 94038 94030 94095 94006 94047 94040
 94073 94081 94016

Array Size = 16
 95004 95005 95012 95014 95022 95036 95050 95061 95062 95064
 95065 95072 95075 95077 95084 95097

Array Size = 55
 96021 96085 96055 96065 96012 96002 96052 96002 96044 96079
 96036 96078 96003 96098 96094 96059 96006 96034 96012 96058
 96023 96023 96091 96040 96063 96092 96083 96033 96005 96080
 96041 96010 96094 96004 96036 96011 96056 96054 96082 96009
 96008 96028 96073 96070 96002 96048 96053 96028 96069 96063
 96044 96051 96078 96020 96009

Array Size = 80
 97000 97004 97004 97006 97006 97008 97009 97012 97012 97013
 97014 97015 97017 97018 97018 97019 97022 97022 97023 97025
 97029 97029 97030 97031 97032 97032 97036 97037 97038 97040
 97043 97044 97044 97045 97046 97046 97048 97048 97049 97050
 97050 97051 97052 97054 97056 97058 97061 97061 97061 97063
 97064 97064 97064 97066 97068 97068 97070 97074 97074 97076
 97077 97078 97078 97078 97081 97082 97084 97087 97087 97089
 97091 97092 97094 97094 97095 97096 97097 97097 97098 97099


Array Size = 52
 98026 98009 98060 98024 98018 98077 98015 98078 98000 98019
 98032 98012 98093 98076 98029 98044 98053 98001 98011 98039
 98033 98024 98075 98010 98031 98076 98095 98042 98046 98032
 98007 98045 98095 98061 98056 98075 98040 98066 98049 98051
 98062 98016 98003 98020 98016 98005 98011 98055 98057 98011
 98003 98017

Array Size = 64
 99000 99000 99001 99004 99007 99008 99011 99012 99013 99013
 99015 99015 99016 99018 99019 99020 99020 99021 99024 99026
 99028 99028 99033 99039 99041 99041 99042 99043 99043 99045
 99048 99049 99049 99050 99050 99052 99052 99053 99054 99058
 99061 99062 99063 99065 99066 99068 99068 99069 99070 99070
 99070 99071 99071 99077 99078 99079 99083 99084 99085 99086
 99088 99090 99096 99099
9 94086 94000 94024 94022 94066 94044 94060 94035 94057
 94089 94058 94056 94035 94083 94034 94004 94082 94036 94031
 94014 94039 94072 94065

Array Size = 31
 95000 95003 95004 95007 95007 95011 95011 95018 95020 95026
 95028 95035 95036 95040 95041 95043 95050 95052 95053 95055
 95064 95075 95077 95083 95089 95089 95090 95094 95095 95096
 95099

Array Size = 43
 96038 96025 96075 96007 96074 96060 96009 96081 96058 96083
 96048 96060 96023 96079 96034 96091 96032 96062 96021 96073
 96008 96024 96092 96091 96061 96089 96040 96081 96043 96096
 96067 96072 96040 96002 96097 96065 96007 96017 96080 96071
 96053 96059 96007

Array Size = 56
 97002 97006 97013 97013 97017 97018 97018 97019 97021 97023
 97023 97027 97027 97031 97031 97035 97038 97040 97042 97043
 97043 97044 97045 97046 97046 97046 97046 97049 97049 97050
 97051 97051 97054 97055 97056 97057 97061 97064 97064 97066
 97071 97073 97075 97078 97078 97080 97084 97090 97091 97091
 97093 97093 97095 97097 97098 97098

Array Size = 66
 98090 98043 98061 98090 98079 98054 98082 98003 98084 98071
 98020 98058 98028 98094 98005 98048 98027 98025 98065 98000
 98079 98026 98063 98095 98035 98036 98024 98066 98050 98093
 98096 98002 98082 98002 98044 98074 98070 98057 98070 98030
 98090 98027 98084 98043 98035 98035 98077 98088 98092 98000
 98001 98047 98013 98009 98079 98095 98037 98046 98048 98067
 98036 98075 98096 98059 98029 98089

Array Size = 71
 99001 99002 99005 99006 99007 99009 99010 99010 99010 99010
 99011 99011 99012 99013 99014 99016 99017 99017 99022 99027
 99027 99028 99030 99030 99031 99033 99033 99034 99034 99036
 99036 99037 99040 99043 99044 99044 99045 99051 99055 99056
 99056 99057 99057 99058 99058 99063 99068 99072 99072 99072
 99072 99076 99079 99080 99081 99082 99084 99085 99086 99087
 99087 99089 99090 99091 99091 99091 99092 99095 99098 99099
 99099
56
 99057 99058 99059 99059 99060 99061 99064 99064 99066 99067
 99067 99068 99069 99072 99074 99076 99076 99077 99078 99084
 99084 99086 99090 99091 99091 99094 99095 99099 99099 99099

