
Array Size = 75
    73    12     7    19    26    65    43    57    17    75
    90    66    76    55    94    71    23    81    70    26
    77    99    23     1    76    52    14    37     3    52
    40     6    95    55    54    90    76    83    21    66
    58    26     8    20    75    58    99    29    39    55
    20    96    69    34    44    48    59     7    77    51
    82    34    85    15    83    37    33    81    85    94
    71    28    54    58    85

Array Size = 55
  1001  1002  1009  1011  1011  1012  1013  1014  1019  1020
  1023  1024  1024  1025  1025  1026  1027  1027  1028  1036
  1036  1043  1046  1048  1050  1051  1051  1054  1055  1058
  1060  1061  1063  1065  1065  1066  1068  1068  1068  1072
  1074  1075  1076  1077  1077  1083  1084  1092  1093  1096
  1096  1098  1098  1098  1099

Array Size = 54
  2041  2010  2013  2045  2016  2050  2018  2058  2087  2066
  2038  2049  2014  2099  2077  2086  2004  2026  2047  2017
  2085  2080  2063  2042  2022  2086  2033  2088  2012  2005
  2089  2067  2048  2020  2074  2044  2065  2069  2008  2066
  2011  2054  2014  2026  2075  2025  2075  2074  2058  2094
  2019  2001  2050  2007

Array Size = 24
  3000  3004  3005  3008  3011  3017  3021  3026  3026  3032
  3035  3038  3040  3043  3064  3064  3066  3067  3073  3091
  3092  3094  3094  3095

Array Size = 79
  4054  4098  4048  4051  4077  4092  4024  4040  4017  4001
  4065  4006  4095  4027  4090  4050  4038  4052  4085  4079
  4059  4073  4001  4004  4060  4066  4066  4009  4068  4089
  4077  4088  4008  4088  4009  4095  4081  4095  4065  4045
  4098  4009  4075  4089  4074  4061  4036  4057  4017  4005
  4024  4034  4091  4046  4024  4027  4030  4083  4059  4057
  4061  4098  4086  4018  4013  4047  4052  4049  4095  4060
  4024  4088  4050  4096  4084  4063  4067  4032  4001

Array Size = 70
  5003  5004  5004  5007  5007  5007  5011  5011  5012  5013
  5013  5014  5015  5016  5016  5017  5019  5019  5022  5023
  5028  5028  5029  5029  5030  5031  5032  5033  5033  5038
  5039  5041  5042  5042  5044  5047  5049  5051  5055  5055
  5059  5060  5060  5061  5062  5063  5065  5068  5070  5071
  5072  5074  5074  5075  5077  5077  5079  5079  5079  5080
  5082  5082  5088  5089  5090  5091  5092  5094  5094  5097


Array Size = 62
  6008  6039  6051  6013  6036  6004  6088  6019  6035  6084
  6057  6044  6078  6054  6056  6000  6026  6041  6064  6043
  6058  6040  6033  6001  6054  6026  6004  6044  6028  6039
  6011  6067  6033  6058  6008  6073  6013  6046  6007  6071
  6032  6006  6080  6005  6066  6066  6009  6054  6035  6039
  6092  6039  6014  6070  6001  6062  6015  6036  6011  6079
  6015  6080

Array Size = 39
  7002  7003  7005  7008  7010  7010  7011  7014  7021  7026
  7028  7029  7034  7035  7036  7038  7041  7041  7043  7044
  7045  7060  7060  7061  7065  7067  7071  7073  7075  7079
  7080  7083  7084  7089  7090  7092  7092  7093  7096

Array Size = 99
  8039  8082  8025  8013  8079  8009  8043  8018  8032  8090
  8059  8068  8080  8065  8037  8087  8040  8012  8019  8067
  8008  8095  8086  8040  8093  8069  8011  8093  8049  8059
  8068  8089  8003  8008  8090  8007  8091  8082  8053  8062
  8040  8004  8030  8025  8052  8092  8023  8079  8056  8059
  8071  8064  8037  8091  8057  8057  8003  8036  8027  8051
  8096  8003  8011  8024  8042  8038  8089  8051  8072  8068
  8094  8007  8046  8043  8045  8076  8016  8063  8066  8042
  8049  8007  8091  8039  8032  8013  8010  8053  8094  8050
  8007  8047  8041  8066  8028  8082  8077  8029  8082

Array Size = 35
  9003  9003  9003  9009  9010  9012  9015  9015  9018  9020
  9024  9026  9026  9033  9036  9037  9040  9040  9042  9044
  9046  9047  9049  9051  9055  9059  9061  9062  9069  9069
  9070  9074  9078  9083  9092

Array Size = 87
 10010 10015 10067 10029 10007 10026 10068 10001 10044 10000
 10048 10008 10051 10033 10019 10027 10006 10014 10096 10097
 10021 10095 10073 10087 10035 10045 10096 10027 10020 10039
 10005 10061 10009 10038 10047 10030 10055 10080 10099 10093
 10076 10085 10090 10042 10039 10095 10003 10000 10023 10064
 10057 10014 10011 10045 10038 10078 10069 10014 10096 10046
 10020 10059 10075 10035 10090 10073 10019 10090 10097 10092
 10035 10052 10068 10011 10071 10033 10049 10075 10062 10012
 10010 10061 10015 10066 10044 10079 10012

Array Size = 83
 11000 11001 11001 11003 11003 11005 11005 11005 11007 11008
 11012 11014 11015 11016 11016 11016 11016 11018 11018 11019
 11020 11021 11023 11024 11027 11028 11029 11032 11032 11033
 11033 11033 11033 11036 11037 11037 11039 11041 11041 11044
 11044 11046 11047 11049 11054 11055 11055 11056 11058 11060
 11061 11062 11064 11065 11067 11069 11070 11071 11071 11072
 11074 11076 11078 11080 11082 11082 11083 11083 11084 11084
 11086 11088 11091 11093 11093 11096 11096 11098 11098 11098
 11099 11099 11099

Array Size = 54
 12015 12040 12074 12021 12053 12009 12001 12038 12068 12056
 12038 12069 12098 12034 12001 12091 12012 12071 12069 12039
 12011 12083 12083 12004 12000 12055 12022 12096 12060 12041
 12012 12079 12031 12070 12062 12077 12051 12044 12035 12091
 12093 12048 12005 12016 12072 12034 12001 12071 12020 12003
 12036 12059 12005 12017

Array Size = 85
 13000 13000 13001 13006 13007 13008 13009 13011 13012 13013
 13013 13015 13016 13019 13024 13025 13026 13027 13028 13029
 13030 13031 13032 13034 13034 13034 13035 13036 13037 13040
 13045 13045 13046 13046 13047 13050 13050 13050 13051 13053
 13054 13055 13056 13056 13057 13057 13058 13058 13059 13060
 13062 13063 13065 13066 13066 13068 13068 13069 13071 13071
 13073 13074 13074 13075 13078 13081 13082 13082 13084 13085
 13085 13085 13087 13088 13089 13091 13093 13094 13095 13095
 13095 13096 13096 13099 13099

Array Size = 89
 14044 14038 14072 14086 14076 14040 14000 14033 14034 14024
 14092 14039 14034 14005 14036 14033 14003 14018 14067 14079
 14066 14040 14094 14005 14060 14085 14025 14002 14095 14019
 14004 14016 14009 14056 14085 14009 14014 14080 14081 14011
 14007 14075 14083 14095 14047 14089 14032 14067 14075 14051
 14043 14015 14020 14080 14041 14080 14011 14053 14053 14096
 14045 14044 14036 14005 14072 14051 14063 14002 14050 14095
 14019 14062 14031 14082 14090 14030 14060 14046 14004 14012
 14086 14043 14041 14037 14080 14008 14033 14049 14085

Array Size = 75
 15000 15002 15002 15003 15005 15005 15006 15007 15009 15012
 15013 15014 15014 15014 15015 15015 15016 15016 15016 15018
 15018 15019 15020 15021 15022 15023 15023 15026 15026 15027
 15029 15032 15032 15032 15036 15037 15037 15038 15039 15039
 15043 15046 15046 15049 15049 15056 15058 15061 15062 15062
 15063 15064 15064 15065 15066 15066 15068 15070 15070 15070
 15071 15076 15081 15083 15086 15087 15087 15088 15092 15093
 15094 15097 15098 15098 15099

Array Size = 75
 16059 16013 16013 16058 16024 16039 16058 16082 16034 16084
 16064 16076 16048 16071 16091 16028 16099 16098 16087 16020
 16096 16057 16099 16057 16037 16050 16087 16004 16038 16079
 16080 16025 16082 16011 16051 16031 16011 16005 16025 16097
 16074 16077 16042 16033 16050 16004 16057 16053 16032 16054
 16099 16082 16011 16018 16010 16009 16033 16002 16056 16023
 16089 16059 16004 16021 16063 16039 16000 16004 16069 16073
 16007 16057 16067 16082 16085

Array Size = 46
 17002 17004 17009 17012 17017 17020 17023 17023 17025 17029
 17031 17032 17033 17035 17036 17043 17049 17051 17053 17060
 17062 17064 17065 17069 17070 17071 17073 17074 17074 17076
 17076 17078 17078 17078 17081 17086 17089 17090 17092 17093
 17093 17093 17093 17095 17097 17099

Array Size = 84
 18040 18031 18038 18067 18059 18079 18073 18028 18046 18018
 18047 18070 18057 18076 18050 18051 18073 18002 18031 18076
 18085 18083 18045 18055 18073 18088 18000 18069 18066 18000
 18088 18099 18098 18090 18085 18056 18005 18086 18006 18013
 18056 18037 18057 18087 18073 18085 18027 18091 18079 18092
 18036 18072 18064 18052 18037 18062 18008 18043 18023 18023
 18031 18012 18059 18006 18082 18030 18081 18053 18038 18003
 18089 18011 18082 18079 18045 18091 18018 18026 18071 18024
 18076 18095 18037 18097

Array Size = 41
 19000 19002 19002 19005 19020 19022 19022 19023 19025 19027
 19030 19030 19034 19038 19038 19039 19040 19041 19046 19054
 19056 19058 19063 19063 19072 19072 19073 19073 19076 19081
 19081 19083 19085 19085 19087 19091 19094 19095 19097 19098
 19098

Array Size = 67
 20083 20010 20008 20078 20078 20018 20083 20013 20045 20059
 20005 20069 20099 20092 20092 20006 20079 20048 20029 20097
 20009 20047 20007 20077 20077 20099 20064 20039 20041 20052
 20020 20095 20084 20005 20007 20084 20044 20093 20014 20038
 20007 20078 20040 20002 20030 20054 20033 20001 20042 20019
 20087 20028 20027 20003 20009 20020 20069 20003 20072 20098
 20025 20067 20040 20077 20049 20031 20007

Array Size = 29
 21001 21004 21004 21005 21006 21012 21032 21034 21036 21037
 21039 21039 21040 21043 21044 21046 21050 21052 21053 21064
 21068 21071 21073 21075 21076 21076 21077 21080 21084

Array Size = 38
 22052 22023 22098 22093 22003 22093 22044 22057 22060 22087
 22027 22040 22055 22067 22088 22097 22055 22034 22065 22004
 22009 22063 22031 22004 22069 22048 22040 22088 22048 22065
 22054 22037 22050 22011 22037 22082 22088 22027

Array Size = 68
 23000 23001 23004 23006 23007 23009 23010 23011 23012 23013
 23013 23013 23014 23017 23018 23018 23019 23021 23024 23024
 23026 23028 23028 23031 23033 23034 23035 23038 23044 23045
 23046 23047 23051 23053 23053 23054 23056 23059 23059 23059
 23061 23062 23065 23066 23069 23069 23070 23074 23074 23076
 23079 23080 23082 23086 23086 23087 23087 23088 23089 23091
 23092 23092 23092 23092 23094 23095 23095 23099

Array Size = 89
 24071 24023 24050 24011 24063 24042 24030 24075 24082 24064
 24092 24065 24082 24054 24082 24024 24021 24066 24066 24049
 24054 24049 24012 24009 24097 24056 24064 24051 24000 24019
 24067 24084 24044 24066 24068 24016 24024 24062 24026 24067
 24004 24026 24048 24083 24036 24042 24008 24051 24018 24067
 24051 24024 24080 24005 24077 24016 24043 24001 24092 24081
 24009 24056 24019 24090 24030 24088 24030 24007 24094 24039
 24027 24029 24068 24065 24018 24081 24001 24077 24032 24099
 24022 24080 24013 24038 24028 24029 24032 24081 24063

Array Size = 83
 25000 25000 25001 25001 25003 25005 25005 25006 25007 25010
 25012 25012 25014 25014 25015 25015 25016 25017 25017 25020
 25022 25025 25025 25025 25028 25028 25029 25030 25030 25032
 25032 25033 25034 25034 25035 25035 25035 25037 25040 25043
 25045 25046 25048 25049 25049 25050 25050 25051 25052 25053
 25053 25055 25056 25058 25061 25063 25064 25065 25065 25068
 25069 25071 25074 25074 25077 25078 25078 25080 25080 25082
 25082 25085 25085 25086 25086 25087 25088 25092 25093 25093
 25095 25099 25099

Array Size = 29
 26060 26075 26064 26050 26081 26009 26088 26056 26002 26046
 26058 26065 26008 26061 26039 26084 26079 26045 26080 26062
 26073 26033 26075 26048 26047 26074 26031 26036 26027

Array Size = 98
 27000 27002 27004 27005 27005 27006 27006 27008 27008 27009
 27009 27012 27012 27013 27013 27014 27015 27015 27016 27016
 27018 27018 27018 27018 27020 27021 27021 27022 27023 27023
 27024 27024 27025 27026 27026 27029 27029 27031 27033 27033
 27033 27035 27035 27036 27038 27038 27039 27039 27043 27043
 27044 27044 27046 27048 27049 27049 27051 27052 27052 27052
 27054 27055 27057 27057 27059 27059 27062 27062 27065 27066
 27067 27067 27067 27069 27070 27071 27072 27072 27073 27076
 27077 27078 27079 27080 27080 27082 27086 27086 27087 27087
 27088 27089 27090 27094 27098 27098 27098 27098

Array Size = 82
 28036 28015 28090 28056 28063 28029 28000 28013 28069 28051
 28042 28032 28014 28018 28026 28032 28040 28060 28057 28029
 28083 28086 28025 28089 28040 28092 28024 28060 28096 28086
 28030 28083 28030 28088 28097 28054 28031 28013 28011 28092
 28053 28007 28027 28087 28018 28034 28039 28080 28066 28094
 28046 28088 28032 28054 28086 28052 28077 28002 28080 28094
 28009 28099 28066 28096 28038 28081 28096 28044 28014 28078
 28003 28021 28072 28034 28083 28037 28034 28085 28096 28092
 28026 28084

Array Size = 62
 29003 29004 29004 29006 29007 29009 29013 29013 29014 29015
 29016 29017 29018 29021 29025 29025 29026 29028 29029 29030
 29032 29032 29032 29033 29036 29042 29044 29047 29048 29049
 29051 29051 29054 29057 29058 29058 29058 29059 29059 29061
 29063 29066 29067 29069 29071 29071 29071 29072 29075 29075
 29082 29084 29085 29087 29091 29094 29094 29096 29096 29097
 29098 29099

Array Size = 74
 30082 30010 30063 30082 30072 30019 30051 30029 30021 30047
 30086 30016 30035 30040 30077 30089 30029 30020 30055 30027
 30039 30070 30054 30097 30012 30083 30033 30074 30061 30036
 30052 30063 30065 30027 30064 30054 30083 30033 30085 30080
 30032 30083 30053 30029 30058 30055 30082 30046 30076 30033
 30059 30080 30046 30009 30003 30079 30027 30007 30099 30018
 30045 30082 30065 30097 30041 30001 30072 30062 30052 30068
 30022 30093 30045 30077

Array Size = 52
 31000 31006 31007 31008 31012 31012 31015 31016 31016 31017
 31019 31027 31027 31030 31036 31038 31039 31040 31042 31047
 31049 31052 31053 31056 31058 31059 31059 31060 31064 31064
 31065 31065 31067 31068 31069 31071 31074 31076 31078 31078
 31080 31080 31081 31082 31085 31085 31086 31090 31093 31094
 31095 31095

Array Size = 46
 32043 32023 32039 32019 32019 32075 32007 32092 32084 32046
 32038 32099 32032 32074 32073 32099 32010 32019 32080 32042
 32024 32068 32037 32028 32014 32072 32001 32091 32072 32017
 32047 32020 32090 32095 32014 32075 32042 32030 32094 32011
 32066 32040 32022 32056 32014 32080

Array Size = 92
 33000 33000 33001 33002 33006 33006 33007 33007 33007 33008
 33009 33014 33015 33016 33018 33019 33020 33022 33023 33023
 33025 33028 33029 33031 33032 33036 33037 33038 33038 33041
 33042 33044 33045 33046 33048 33049 33052 33053 33053 33054
 33055 33055 33055 33056 33057 33057 33057 33058 33058 33059
 33060 33060 33061 33062 33063 33064 33066 33067 33068 33068
 33070 33071 33071 33072 33073 33074 33076 33077 33078 33079
 33079 33080 33081 33081 33083 33084 33084 33085 33085 33086
 33087 33087 33089 33090 33090 33096 33097 33097 33098 33098
 33099 33099

Array Size = 63
 34074 34005 34063 34081 34048 34027 34010 34078 34066 34092
 34064 34079 34025 34013 34043 34025 34056 34040 34099 34031
 34096 34032 34017 34041 34026 34045 34064 34043 34004 34027
 34068 34020 34052 34021 34038 34003 34069 34004 34016 34091
 34088 34072 34019 34034 34042 34066 34007 34093 34082 34058
 34002 34002 34098 34051 34023 34086 34081 34097 34040 34032
 34007 34086 34089

Array Size = 77
 35000 35001 35002 35003 35004 35005 35007 35008 35008 35009
 35009 35010 35017 35018 35020 35024 35025 35027 35030 35031
 35033 35036 35039 35040 35040 35042 35042 35044 35048 35049
 35049 35049 35052 35052 35053 35054 35054 35056 35056 35057
 35058 35059 35060 35062 35063 35063 35064 35064 35065 35065
 35065 35066 35068 35069 35071 35071 35071 35072 35073 35075
 35076 35076 35079 35079 35080 35083 35084 35085 35086 35087
 35088 35090 35095 35095 35095 35097 35097

Array Size = 80
 36045 36016 36097 36091 36083 36027 36022 36018 36008 36072
 36035 36013 36059 36023 36071 36071 36011 36025 36087 36099
 36005 36091 36031 36043 36037 36044 36018 36082 36029 36071
 36029 36007 36090 36080 36071 36047 36092 36090 36031 36091
 36084 36081 36097 36086 36048 36069 36018 36004 36097 36026
 36042 36000 36068 36025 36099 36004 36095 36035 36036 36046
 36005 36013 36083 36096 36008 36096 36095 36096 36074 36013
 36088 36013 36006 36060 36080 36078 36040 36096 36098 36096


Array Size = 86
 37001 37001 37002 37002 37002 37003 37004 37004 37006 37007
 37007 37012 37013 37013 37014 37014 37017 37019 37023 37026
 37027 37027 37027 37028 37029 37030 37030 37035 37036 37039
 37039 37040 37043 37043 37043 37043 37046 37048 37050 37054
 37054 37054 37054 37055 37055 37060 37061 37061 37062 37063
 37063 37064 37064 37065 37065 37065 37065 37066 37068 37068
 37068 37069 37070 37070 37071 37071 37076 37078 37078 37080
 37080 37081 37082 37088 37090 37091 37092 37092 37092 37093
 37094 37094 37094 37095 37096 37099

Array Size = 73
 38006 38030 38078 38005 38081 38079 38014 38079 38038 38037
 38077 38038 38005 38010 38078 38098 38061 38006 38023 38040
 38009 38035 38051 38028 38058 38060 38083 38096 38066 38019
 38067 38081 38053 38032 38016 38003 38003 38083 38073 38001
 38087 38073 38099 38017 38002 38005 38069 38037 38011 38018
 38032 38027 38081 38023 38054 38043 38093 38091 38069 38018
 38090 38054 38051 38077 38007 38024 38011 38070 38060 38072
 38054 38070 38059

Array Size = 36
 39000 39004 39008 39009 39010 39011 39012 39021 39038 39038
 39047 39047 39047 39056 39057 39059 39061 39063 39066 39071
 39073 39074 39076 39076 39077 39078 39083 39084 39087 39088
 39088 39091 39093 39094 39097 39098

Array Size = 27
 40009 40044 40058 40062 40071 40059 40072 40086 40011 40085
 40018 40098 40017 40071 40057 40086 40087 40025 40019 40024
 40089 40072 40010 40086 40035 40065 40060

Array Size = 59
 41001 41001 41002 41002 41002 41005 41006 41007 41010 41013
 41014 41017 41017 41019 41020 41022 41022 41024 41025 41025
 41027 41028 41032 41034 41034 41036 41037 41039 41040 41041
 41042 41045 41046 41046 41047 41049 41049 41052 41053 41054
 41054 41055 41059 41061 41065 41070 41071 41073 41077 41078
 41078 41079 41081 41082 41082 41093 41094 41095 41098

Array Size = 41
 42098 42052 42064 42070 42087 42025 42018 42050 42017 42016
 42095 42061 42056 42048 42088 42038 42073 42046 42047 42014
 42086 42096 42092 42076 42059 42029 42055 42007 42082 42038
 42060 42032 42000 42002 42087 42004 42028 42078 42029 42076
 42055

Array Size = 10
 43004 43005 43012 43030 43035 43036 43075 43085 43095 43096


Array Size = 99
 44052 44096 44087 44095 44081 44073 44003 44006 44011 44010
 44060 44000 44064 44036 44014 44064 44015 44036 44062 44014
 44049 44086 44043 44035 44076 44059 44008 44023 44097 44056
 44063 44032 44053 44040 44002 44007 44098 44000 44096 44024
 44095 44054 44054 44023 44062 44041 44010 44052 44027 44099
 44020 44074 44001 44058 44067 44031 44010 44083 44054 44050
 44074 44040 44036 44059 44072 44008 44064 44096 44010 44021
 44001 44072 44070 44009 44090 44032 44061 44061 44041 44039
 44095 44090 44085 44086 44091 44012 44048 44056 44056 44061
 44090 44012 44092 44086 44039 44093 44004 44032 44067

Array Size = 73
 45000 45000 45000 45001 45003 45004 45007 45008 45008 45012
 45013 45014 45015 45015 45015 45016 45018 45020 45020 45020
 45024 45026 45027 45030 45032 45033 45034 45035 45036 45038
 45040 45041 45041 45041 45042 45042 45043 45044 45044 45048
 45053 45055 45056 45056 45057 45059 45062 45063 45063 45065
 45067 45072 45072 45073 45075 45075 45077 45078 45079 45079
 45081 45081 45083 45084 45085 45088 45088 45091 45091 45091
 45092 45093 45093

Array Size = 95
 46071 46094 46068 46087 46080 46085 46028 46036 46048 46082
 46086 46060 46040 46080 46040 46012 46014 46021 46081 46061
 46037 46020 46046 46037 46044 46074 46093 46006 46035 46098
 46040 46051 46085 46096 46030 46086 46025 46024 46059 46086
 46020 46090 46014 46007 46099 46095 46032 46010 46001 46053
 46006 46009 46018 46004 46049 46042 46038 46098 46025 46071
 46048 46052 46012 46054 46023 46093 46089 46022 46050 46091
 46029 46049 46013 46095 46096 46095 46007 46026 46079 46048
 46015 46097 46021 46009 46044 46080 46011 46029 46020 46079
 46089 46073 46006 46097 46093

Array Size = 28
 47001 47005 47007 47012 47014 47015 47018 47030 47031 47031
 47036 47038 47038 47042 47050 47054 47061 47069 47072 47074
 47078 47082 47083 47083 47091 47093 47094 47097

Array Size = 67
 48080 48062 48082 48001 48090 48067 48088 48042 48074 48028
 48071 48050 48035 48008 48087 48050 48082 48083 48088 48066
 48056 48050 48082 48010 48058 48042 48041 48083 48046 48089
 48073 48009 48090 48076 48042 48087 48078 48042 48004 48042
 48007 48024 48073 48013 48024 48016 48005 48052 48052 48088
 48023 48016 48082 48013 48055 48003 48048 48059 48075 48052
 48016 48030 48002 48073 48022 48005 48033

Array Size = 65
 49000 49001 49001 49001 49001 49003 49004 49008 49008 49009
 49012 49013 49014 49014 49016 49017 49017 49018 49021 49023
 49023 49028 49029 49030 49031 49031 49032 49033 49036 49038
 49042 49043 49044 49046 49046 49048 49049 49051 49055 49058
 49059 49062 49064 49066 49067 49068 49070 49070 49071 49075
 49076 49076 49079 49081 49081 49084 49085 49088 49090 49090
 49093 49093 49094 49095 49098

Array Size = 13
 50035 50045 50048 50000 50019 50005 50056 50070 50078 50042
 50085 50056 50010

Array Size = 75
 51000 51000 51001 51004 51005 51005 51007 51009 51011 51013
 51014 51018 51018 51020 51021 51024 51024 51025 51026 51026
 51029 51030 51033 51033 51034 51036 51038 51039 51039 51041
 51042 51043 51043 51043 51044 51045 51049 51050 51051 51052
 51054 51056 51057 51060 51060 51061 51061 51062 51063 51065
 51068 51068 51070 51071 51072 51073 51075 51077 51078 51081
 51083 51085 51085 51087 51088 51089 51090 51090 51090 51093
 51093 51094 51096 51097 51098

Array Size = 97
 52082 52023 52080 52011 52084 52012 52098 52082 52054 52085
 52005 52031 52029 52053 52073 52035 52050 52086 52009 52095
 52029 52080 52035 52048 52043 52029 52089 52055 52031 52007
 52046 52088 52049 52082 52006 52036 52044 52020 52022 52065
 52019 52018 52067 52045 52082 52069 52015 52038 52082 52081
 52049 52089 52020 52088 52056 52020 52077 52066 52098 52050
 52008 52076 52009 52040 52020 52098 52047 52093 52085 52014
 52090 52007 52048 52093 52074 52091 52005 52000 52054 52031
 52088 52060 52044 52001 52023 52061 52009 52011 52063 52061
 52032 52081 52010 52011 52050 52055 52012

Array Size = 38
 53001 53005 53006 53007 53010 53013 53017 53018 53020 53021
 53022 53023 53025 53025 53027 53033 53035 53037 53038 53039
 53043 53043 53044 53047 53054 53056 53066 53066 53068 53070
 53070 53076 53078 53079 53083 53088 53089 53093

Array Size = 40
 54083 54067 54009 54078 54000 54039 54026 54061 54091 54036
 54062 54020 54040 54012 54025 54090 54063 54088 54082 54019
 54057 54011 54014 54086 54088 54067 54006 54007 54098 54015
 54041 54094 54053 54073 54070 54013 54065 54076 54000 54099


Array Size = 43
 55001 55003 55004 55004 55007 55013 55014 55015 55025 55029
 55030 55032 55032 55034 55037 55037 55039 55044 55046 55046
 55051 55054 55055 55055 55058 55058 55059 55059 55059 55062
 55064 55068 55071 55071 55072 55074 55077 55078 55082 55086
 55088 55091 55097

Array Size = 35
 56096 56091 56053 56038 56053 56019 56044 56005 56031 56081
 56046 56044 56084 56089 56052 56061 56025 56074 56047 56044
 56035 56014 56024 56031 56096 56097 56076 56089 56028 56078
 56053 56076 56044 56087 56099

Array Size = 96
 57000 57000 57001 57003 57005 57005 57005 57008 57008 57010
 57010 57011 57012 57013 57014 57016 57019 57019 57019 57021
 57022 57022 57022 57024 57025 57026 57026 57028 57029 57029
 57030 57031 57032 57033 57033 57037 57038 57038 57039 57040
 57040 57044 57044 57046 57047 57047 57048 57048 57052 57052
 57054 57056 57056 57057 57057 57057 57057 57058 57059 57059
 57060 57062 57063 57065 57065 57067 57069 57069 57069 57070
 57071 57072 57072 57076 57077 57077 57078 57079 57081 57082
 57083 57083 57084 57086 57086 57086 57086 57090 57094 57095
 57096 57097 57097 57097 57097 57097

Array Size = 66
 58084 58080 58082 58085 58017 58011 58074 58039 58021 58041
 58025 58064 58031 58062 58097 58012 58072 58084 58099 58010
 58061 58010 58060 58057 58032 58076 58070 58087 58052 58002
 58090 58019 58032 58056 58093 58090 58057 58066 58045 58001
 58035 58083 58021 58076 58009 58074 58027 58078 58040 58090
 58045 58091 58027 58050 58026 58046 58028 58066 58023 58001
 58040 58025 58094 58054 58031 58028

Array Size = 41
 59007 59009 59010 59011 59013 59013 59016 59018 59026 59033
 59035 59037 59044 59045 59045 59047 59047 59047 59049 59061
 59062 59063 59064 59064 59066 59066 59067 59067 59069 59069
 59073 59074 59076 59079 59082 59083 59086 59091 59091 59098
 59098

Array Size = 68
 60082 60041 60015 60078 60083 60094 60023 60029 60052 60046
 60000 60041 60091 60067 60035 60011 60025 60045 60076 60057
 60053 60000 60072 60030 60057 60062 60024 60087 60023 60057
 60048 60029 60030 60088 60010 60059 60016 60096 60029 60018
 60077 60028 60064 60079 60045 60077 60043 60013 60027 60033
 60088 60065 60016 60024 60093 60058 60078 60017 60085 60084
 60075 60087 60008 60019 60028 60035 60037 60083

Array Size = 45
 61002 61011 61013 61016 61017 61019 61022 61022 61023 61023
 61025 61027 61028 61030 61031 61034 61034 61042 61043 61046
 61046 61047 61047 61051 61053 61059 61060 61062 61062 61063
 61071 61071 61073 61073 61075 61083 61084 61086 61088 61088
 61089 61092 61093 61094 61095

Array Size = 38
 62064 62087 62012 62035 62045 62006 62087 62076 62061 62053
 62060 62015 62088 62064 62015 62058 62015 62014 62022 62059
 62088 62078 62070 62075 62010 62046 62082 62056 62079 62077
 62016 62001 62088 62016 62004 62056 62028 62092

Array Size = 78
 63000 63001 63001 63008 63009 63009 63010 63016 63019 63019
 63022 63022 63023 63026 63027 63028 63028 63028 63028 63029
 63030 63033 63034 63034 63035 63036 63036 63039 63040 63040
 63041 63042 63044 63046 63046 63047 63047 63049 63049 63049
 63050 63050 63050 63051 63054 63055 63059 63060 63061 63061
 63063 63065 63066 63066 63068 63069 63070 63070 63071 63072
 63072 63075 63079 63083 63084 63085 63086 63088 63089 63089
 63093 63095 63095 63096 63096 63096 63098 63098

Array Size = 87
 64001 64043 64064 64082 64008 64035 64088 64098 64014 64026
 64016 64080 64035 64060 64057 64016 64099 64010 64013 64042
 64041 64049 64085 64004 64014 64098 64085 64042 64040 64079
 64003 64081 64099 64039 64032 64043 64094 64042 64059 64030
 64084 64043 64059 64083 64072 64033 64020 64029 64059 64007
 64017 64073 64014 64003 64048 64064 64068 64090 64020 64044
 64017 64070 64039 64019 64038 64095 64020 64094 64043 64058
 64024 64016 64039 64075 64049 64030 64015 64074 64018 64058
 64025 64001 64012 64046 64038 64008 64060

Array Size = 61
 65004 65004 65005 65006 65007 65010 65010 65010 65013 65013
 65013 65015 65015 65017 65018 65022 65022 65023 65028 65028
 65031 65032 65033 65036 65036 65036 65042 65042 65048 65049
 65052 65053 65057 65057 65058 65059 65061 65061 65062 65063
 65069 65069 65069 65071 65071 65072 65074 65074 65075 65075
 65077 65080 65083 65085 65085 65085 65088 65090 65094 65094
 65096

Array Size = 23
 66059 66028 66091 66075 66036 66087 66027 66013 66016 66069
 66068 66084 66071 66081 66063 66004 66013 66011 66001 66074
 66088 66007 66050

Array Size = 27
 67007 67009 67009 67014 67014 67017 67019 67020 67032 67033
 67033 67041 67042 67042 67044 67050 67059 67061 67062 67070
 67078 67081 67083 67087 67089 67089 67098

Array Size = 87
 68033 68020 68097 68049 68093 68078 68069 68077 68024 68029
 68015 68067 68077 68032 68089 68070 68024 68019 68048 68014
 68057 68051 68065 68095 68011 68089 68091 68076 68026 68020
 68049 68002 68041 68092 68066 68074 68015 68022 68078 68036
 68016 68046 68071 68006 68074 68052 68080 68080 68081 68062
 68013 68065 68008 68032 68027 68038 68084 68045 68040 68009
 68074 68094 68026 68041 68096 68025 68012 68040 68044 68083
 68038 68009 68097 68032 68051 68031 68098 68098 68032 68093
 68052 68033 68094 68092 68002 68086 68015

Array Size = 40
 69008 69009 69014 69016 69017 69021 69021 69022 69026 69027
 69028 69033 69035 69040 69041 69042 69046 69048 69049 69051
 69058 69058 69058 69059 69060 69063 69065 69066 69070 69073
 69075 69078 69080 69087 69092 69094 69095 69097 69099 69099


Array Size = 30
 70091 70089 70052 70022 70054 70045 70061 70069 70077 70041
 70031 70022 70026 70009 70041 70095 70029 70026 70002 70085
 70028 70066 70017 70001 70016 70032 70009 70035 70055 70086


Array Size = 37
 71001 71003 71014 71020 71020 71024 71030 71031 71035 71037
 71039 71039 71040 71041 71044 71047 71049 71050 71055 71058
 71066 71066 71067 71069 71074 71077 71081 71082 71088 71089
 71090 71090 71090 71092 71095 71096 71099

Array Size = 68
 72005 72018 72028 72069 72003 72008 72030 72005 72058 72092
 72081 72096 72087 72048 72032 72076 72078 72001 72067 72087
 72060 72089 72035 72062 72030 72060 72012 72002 72015 72034
 72091 72071 72061 72084 72037 72019 72072 72051 72066 72000
 72036 72041 72034 72061 72036 72003 72061 72033 72030 72026
 72077 72029 72073 72007 72061 72039 72017 72004 72064 72028
 72065 72016 72075 72096 72023 72011 72010 72026

Array Size = 82
 73000 73005 73007 73009 73012 73012 73013 73016 73016 73017
 73017 73019 73020 73020 73022 73023 73024 73025 73031 73032
 73035 73037 73037 73039 73039 73041 73041 73042 73042 73042
 73045 73046 73048 73050 73053 73053 73053 73054 73055 73055
 73056 73057 73059 73061 73064 73064 73069 73069 73072 73072
 73075 73075 73076 73076 73076 73076 73076 73077 73078 73078
 73079 73080 73082 73083 73084 73084 73084 73085 73085 73085
 73087 73088 73089 73089 73090 73090 73092 73093 73093 73094
 73095 73099

Array Size = 80
 74050 74026 74008 74042 74060 74027 74031 74008 74070 74086
 74028 74059 74059 74029 74094 74045 74052 74049 74035 74019
 74047 74096 74004 74011 74028 74063 74078 74036 74058 74081
 74049 74050 74030 74083 74011 74081 74075 74037 74030 74046
 74005 74045 74017 74012 74023 74095 74096 74093 74035 74057
 74087 74054 74090 74083 74049 74058 74003 74093 74097 74009
 74048 74028 74076 74048 74046 74027 74076 74077 74020 74067
 74077 74065 74043 74005 74047 74052 74036 74006 74087 74088


Array Size = 20
 75001 75003 75006 75022 75033 75036 75049 75049 75053 75060
 75061 75063 75069 75074 75083 75086 75089 75089 75094 75099


Array Size = 36
 76080 76057 76023 76003 76097 76033 76083 76064 76096 76073
 76014 76057 76082 76021 76032 76042 76065 76080 76097 76074
 76028 76009 76033 76090 76040 76008 76099 76037 76092 76046
 76029 76033 76035 76093 76065 76041

Array Size = 49
 77000 77000 77002 77003 77003 77003 77004 77005 77008 77010
 77014 77015 77015 77018 77020 77022 77025 77028 77031 77034
 77034 77035 77035 77036 77038 77044 77046 77046 77046 77047
 77048 77049 77050 77050 77053 77056 77056 77064 77064 77067
 77068 77072 77073 77086 77091 77093 77094 77097 77099

Array Size = 99
 78076 78024 78062 78077 78079 78048 78049 78060 78006 78092
 78075 78096 78017 78030 78061 78022 78098 78099 78003 78015
 78009 78062 78043 78085 78081 78047 78034 78078 78071 78056
 78081 78069 78038 78025 78089 78027 78002 78039 78066 78095
 78053 78050 78061 78013 78023 78003 78096 78035 78040 78047
 78086 78051 78067 78018 78051 78039 78009 78014 78013 78059
 78020 78016 78044 78023 78090 78023 78059 78033 78065 78014
 78099 78099 78051 78012 78039 78012 78073 78034 78053 78003
 78024 78081 78016 78048 78084 78049 78095 78080 78073 78073
 78052 78031 78022 78020 78089 78064 78048 78023 78055

Array Size = 27
 79002 79006 79009 79013 79014 79014 79020 79033 79042 79042
 79044 79053 79058 79063 79069 79069 79073 79074 79076 79077
 79077 79079 79079 79085 79095 79095 79099

Array Size = 22
 80080 80013 80066 80002 80019 80048 80095 80024 80053 80084
 80066 80037 80066 80058 80059 80053 80070 80075 80063 80068
 80000 80007

Array Size = 84
 81001 81001 81001 81002 81004 81004 81005 81006 81009 81009
 81011 81011 81011 81012 81016 81016 81017 81019 81021 81021
 81022 81023 81024 81025 81026 81026 81030 81031 81034 81034
 81036 81037 81041 81044 81045 81045 81046 81047 81047 81047
 81050 81051 81051 81053 81053 81055 81055 81056 81062 81065
 81066 81067 81067 81067 81069 81069 81070 81070 81070 81072
 81074 81076 81076 81078 81080 81081 81082 81082 81084 81085
 81086 81087 81087 81088 81089 81090 81090 81091 81092 81092
 81092 81093 81095 81096

Array Size = 21
 82062 82047 82036 82053 82003 82036 82091 82055 82084 82006
 82001 82000 82061 82017 82007 82011 82017 82088 82031 82037
 82053

Array Size = 37
 83000 83002 83002 83002 83002 83004 83007 83007 83009 83013
 83013 83014 83016 83023 83026 83027 83028 83042 83045 83051
 83052 83058 83061 83065 83066 83072 83075 83075 83077 83081
 83085 83086 83086 83092 83093 83096 83098

Array Size = 42
 84077 84061 84096 84040 84029 84051 84062 84001 84058 84008
 84072 84045 84006 84077 84038 84090 84038 84088 84058 84044
 84011 84066 84000 84058 84056 84003 84015 84068 84064 84000
 84056 84099 84044 84050 84015 84081 84053 84056 84076 84091
 84035 84048

Array Size = 23
 85010 85012 85013 85018 85021 85022 85026 85026 85038 85048
 85053 85053 85053 85054 85061 85062 85065 85067 85068 85076
 85079 85082 85097

Array Size = 20
 86065 86001 86070 86083 86045 86086 86035 86091 86017 86045
 86087 86086 86017 86090 86063 86031 86034 86058 86068 86020


Array Size = 70
 87000 87003 87003 87004 87005 87007 87009 87009 87010 87010
 87011 87011 87012 87016 87016 87017 87019 87021 87027 87028
 87029 87029 87030 87030 87032 87033 87033 87034 87036 87036
 87036 87038 87041 87043 87045 87045 87047 87047 87050 87050
 87051 87055 87056 87058 87058 87059 87059 87060 87061 87063
 87064 87065 87065 87067 87067 87069 87073 87076 87078 87080
 87084 87084 87085 87088 87089 87092 87094 87094 87096 87098


Array Size = 43
 88084 88082 88026 88032 88012 88080 88060 88052 88015 88098
 88085 88097 88054 88077 88000 88070 88005 88044 88050 88077
 88073 88055 88003 88085 88092 88058 88038 88048 88023 88034
 88064 88040 88082 88086 88057 88013 88097 88072 88021 88074
 88022 88005 88035

Array Size = 21
 89002 89006 89013 89018 89024 89025 89029 89030 89034 89035
 89051 89052 89055 89067 89075 89078 89079 89085 89090 89097
 89098

Array Size = 36
 90097 90060 90033 90058 90047 90044 90049 90010 90083 90054
 90097 90078 90038 90089 90020 90021 90031 90055 90022 90040
 90033 90089 90035 90014 90051 90005 90016 90016 90011 90008
 90065 90085 90048 90011 90055 90052

Array Size = 88
 91000 91001 91002 91003 91003 91005 91005 91005 91006 91006
 91009 91010 91010 91012 91014 91015 91016 91018 91020 91023
 91026 91026 91027 91031 91034 91034 91036 91036 91036 91038
 91038 91038 91038 91039 91041 91042 91043 91044 91044 91045
 91047 91051 91052 91053 91054 91054 91054 91057 91059 91061
 91062 91062 91062 91062 91063 91064 91064 91064 91064 91065
 91065 91067 91067 91067 91068 91071 91072 91073 91073 91074
 91075 91076 91078 91082 91082 91083 91087 91087 91087 91087
 91088 91089 91092 91094 91095 91097 91097 91098

Array Size = 14
 92078 92061 92073 92074 92098 92078 92055 92018 92020 92010
 92003 92099 92098 92069

Array Size = 44
 93001 93004 93005 93008 93008 93009 93009 93019 93021 93025
 93026 93032 93034 93035 93036 93037 93040 93041 93042 93045
 93046 93046 93049 93053 93054 93056 93057 93058 93061 93065
 93066 93075 93076 93079 93090 93091 93092 93092 93094 93095
 93096 93098 93098 93099

Array Size = 51
 94074 94041 94017 94032 94086 94057 94065 94005 94011 94085
 94084 94041 94097 94079 94059 94058 94036 94087 94000 94031
 94068 94063 94096 94060 94069 94033 94098 94088 94067 94015
 94014 94055 94082 94096 94087 94092 94034 94017 94028 94015
 94079 94066 94040 94059 94007 94038 94099 94058 94020 94056
 94006

Array Size = 46
 95003 95004 95004 95005 95009 95012 95013 95016 95017 95019
 95020 95021 95021 95024 95024 95026 95027 95028 95028 95028
 95031 95031 95031 95033 95036 95040 95048 95049 95051 95052
 95053 95054 95054 95056 95061 95065 95075 95077 95080 95082
 95083 95083 95089 95090 95091 95094

Array Size = 60
 96033 96010 96022 96043 96086 96086 96003 96081 96026 96060
 96083 96049 96093 96012 96012 96055 96097 96091 96063 96053
 96044 96020 96014 96027 96005 96072 96094 96078 96056 96038
 96063 96069 96059 96059 96022 96077 96049 96056 96075 96035
 96025 96048 96089 96043 96096 96069 96039 96025 96046 96035
 96044 96003 96006 96055 96029 96011 96091 96060 96053 96034


Array Size = 33
 97000 97001 97006 97006 97016 97021 97023 97025 97025 97026
 97026 97027 97032 97038 97038 97038 97039 97039 97042 97042
 97042 97046 97047 97049 97050 97055 97066 97069 97069 97078
 97088 97094 97096

Array Size = 76
 98097 98026 98019 98043 98015 98007 98057 98023 98034 98026
 98093 98010 98035 98014 98075 98001 98015 98034 98098 98047
 98056 98074 98072 98016 98088 98028 98043 98071 98055 98084
 98012 98066 98016 98087 98087 98079 98020 98049 98087 98042
 98099 98021 98063 98074 98039 98041 98041 98037 98082 98018
 98034 98033 98010 98069 98034 98063 98006 98027 98009 98061
 98076 98042 98063 98042 98005 98064 98052 98048 98049 98023
 98015 98031 98080 98058 98064 98056

Array Size = 68
 99000 99001 99004 99005 99006 99009 99009 99011 99011 99014
 99016 99017 99018 99018 99019 99019 99020 99022 99024 99024
 99028 99028 99029 99030 99030 99031 99031 99032 99033 99036
 99037 99037 99039 99040 99041 99043 99043 99050 99052 99053
 99053 99056 99056 99058 99059 99063 99064 99064 99071 99073
 99077 99083 99084 99085 99087 99087 99087 99089 99089 99090
 99091 99093 99094 99095 99095 99096 99097 99098
98036 98027 98060 98065 98094
 98056 98042 98010 98074 98009 98046 98062 98016 98055 98092
 98086 98039 98065 98069 98005 98057 98057 98013 98099 98021
 98037 98095 98062 98048 98058 98029 98002 98089 98073 98076
 98032 98054 98016 98030 98037 98076 98000 98095 98018 98071


Array Size = 57
 99004 99010 99011 99013 99014 99016 99017 99019 99019 99020
 99021 99022 99028 99028 99029 99029 99030 99030 99031 99031
 99034 99038 99039 99039 99042 99042 99044 99045 99047 99048
 99052 99052 99053 99054 99055 99055 99056 99057 99058 99062
 99063 99068 99071 99074 99079 99080 99080 99081 99081 99081
 99082 99086 99088 99089 99092 99092 99097
99019 99020 99021 99022 99023 99028 99030
 99031 99031 99032 99032 99032 99033 99035 99036 99037 99037
 99038 99038 99039 99039 99042 99044 99044 99044 99047 99048
 99049 99049 99050 99051 99051 99051 99052 99052 99052 99052
 99052 99053 99054 99054 99055 99055 99055 99056 99056 99056
 99057 99058 99059 99059 99060 99061 99064 99064 99066 99067
 99067 99068 99069 99072 99074 99076 99076 99077 99078 99084
 99084 99086 99090 99091 99091 99094 99095 99099 99099 99099

