
Array Size = 88
    50    51    33    95    43    48    25    41    75    91
    76     9    24    59    98     3    14    62    73    73
    70    53    45    46    18     3    88    89    14    48
    50    18    77    57    67    55    17    16    94    92
    91    24     1    80    51    12    51    91    75    29
     1    48    90    37    63    80     9    22    43    29
    71    91    58     1    78    91     7    78    96    98
     1    65    93    53    85    37    44    96    57    55
    81    32    39    34    80    29    81    44

Array Size = 94
  1001  1001  1002  1003  1004  1006  1008  1010  1011  1012
  1013  1015  1016  1017  1018  1018  1020  1020  1021  1022
  1023  1024  1025  1027  1029  1031  1031  1032  1033  1033
  1034  1035  1037  1040  1041  1044  1045  1046  1047  1047
  1051  1053  1053  1055  1056  1056  1056  1056  1057  1060
  1061  1061  1066  1066  1066  1066  1067  1067  1068  1069
  1071  1071  1074  1074  1074  1075  1075  1075  1075  1076
  1077  1078  1081  1081  1083  1084  1084  1085  1085  1086
  1086  1086  1086  1087  1089  1090  1093  1094  1094  1095
  1098  1099  1099  1099

Array Size = 86
  2010  2050  2064  2088  2085  2061  2036  2008  2017  2038
  2081  2092  2029  2023  2061  2070  2066  2078  2000  2023
  2098  2058  2030  2001  2042  2075  2072  2054  2014  2037
  2020  2088  2053  2038  2033  2009  2050  2067  2065  2023
  2076  2096  2075  2083  2017  2090  2079  2005  2043  2009
  2084  2063  2040  2038  2060  2010  2069  2010  2047  2003
  2017  2067  2052  2062  2051  2093  2005  2062  2092  2025
  2076  2071  2012  2056  2050  2016  2068  2031  2049  2090
  2045  2008  2084  2015  2000  2007

Array Size = 95
  3001  3002  3003  3003  3004  3004  3005  3006  3006  3007
  3007  3008  3008  3010  3011  3011  3012  3014  3017  3018
  3019  3021  3023  3023  3026  3027  3028  3029  3031  3031
  3032  3032  3033  3033  3033  3035  3035  3037  3038  3038
  3040  3040  3041  3042  3042  3044  3045  3048  3048  3050
  3053  3053  3055  3056  3056  3056  3057  3058  3058  3058
  3060  3062  3062  3063  3064  3067  3067  3069  3070  3071
  3072  3074  3074  3077  3077  3079  3081  3082  3082  3083
  3083  3085  3086  3086  3086  3089  3090  3090  3092  3095
  3096  3096  3097  3099  3099

Array Size = 28
  4045  4052  4093  4004  4096  4053  4025  4040  4040  4075
  4066  4091  4040  4071  4022  4070  4051  4076  4055  4048
  4096  4047  4022  4075  4087  4016  4036  4058

Array Size = 66
  5002  5004  5004  5005  5005  5006  5009  5009  5010  5011
  5014  5015  5021  5022  5023  5023  5027  5028  5030  5033
  5035  5035  5036  5037  5037  5042  5045  5047  5047  5047
  5048  5048  5048  5050  5053  5054  5055  5056  5056  5059
  5062  5063  5064  5065  5066  5069  5070  5073  5074  5079
  5080  5082  5085  5085  5087  5088  5089  5090  5090  5094
  5095  5095  5096  5096  5096  5099

Array Size = 67
  6040  6035  6036  6064  6021  6047  6069  6051  6032  6029
  6021  6039  6035  6037  6073  6078  6040  6095  6004  6035
  6002  6029  6085  6099  6033  6073  6063  6040  6001  6068
  6086  6057  6036  6002  6074  6084  6064  6021  6058  6069
  6006  6062  6045  6011  6015  6033  6039  6088  6057  6015
  6073  6025  6043  6081  6064  6086  6041  6038  6044  6025
  6071  6011  6016  6036  6055  6088  6054

Array Size = 84
  7001  7001  7002  7002  7004  7004  7004  7008  7008  7009
  7011  7011  7011  7012  7013  7014  7014  7014  7016  7017
  7017  7019  7019  7022  7022  7025  7026  7026  7027  7030
  7034  7034  7034  7035  7037  7038  7039  7039  7039  7040
  7040  7041  7042  7042  7044  7044  7045  7046  7046  7049
  7051  7052  7057  7058  7060  7061  7061  7061  7064  7064
  7067  7071  7074  7076  7076  7076  7077  7077  7079  7081
  7083  7086  7086  7086  7087  7087  7087  7088  7088  7088
  7089  7089  7093  7097

Array Size = 44
  8003  8088  8088  8091  8005  8007  8081  8020  8082  8026
  8062  8066  8059  8046  8063  8023  8003  8081  8079  8004
  8028  8070  8021  8010  8084  8004  8093  8037  8062  8061
  8084  8025  8039  8037  8029  8048  8001  8084  8089  8019
  8065  8052  8020  8074

Array Size = 35
  9000  9005  9008  9008  9010  9021  9023  9024  9028  9030
  9030  9031  9031  9037  9040  9041  9042  9044  9047  9047
  9048  9051  9056  9057  9057  9059  9060  9061  9062  9071
  9080  9081  9082  9093  9094

Array Size = 68
 10059 10036 10039 10077 10036 10076 10065 10004 10059 10093
 10089 10069 10051 10013 10027 10038 10015 10077 10037 10055
 10038 10099 10080 10090 10038 10002 10084 10083 10014 10096
 10074 10057 10051 10026 10000 10061 10085 10009 10059 10031
 10024 10033 10071 10039 10043 10041 10020 10033 10086 10081
 10028 10079 10070 10049 10078 10017 10063 10091 10068 10054
 10065 10081 10097 10037 10081 10062 10060 10039

Array Size = 25
 11001 11008 11010 11029 11031 11037 11047 11051 11052 11052
 11055 11059 11070 11071 11072 11075 11078 11082 11082 11083
 11088 11088 11092 11094 11097

Array Size = 14
 12055 12087 12042 12014 12045 12083 12091 12089 12039 12020
 12008 12068 12052 12079

Array Size = 77
 13000 13002 13004 13005 13006 13009 13010 13011 13012 13013
 13013 13014 13016 13017 13017 13017 13020 13023 13023 13024
 13025 13026 13026 13026 13027 13027 13029 13029 13030 13032
 13033 13034 13034 13034 13037 13037 13039 13040 13041 13042
 13044 13046 13046 13049 13050 13055 13056 13056 13057 13058
 13059 13061 13062 13062 13063 13063 13065 13068 13070 13072
 13073 13074 13075 13075 13077 13078 13081 13081 13082 13084
 13086 13091 13092 13092 13098 13098 13098

Array Size = 59
 14068 14076 14072 14067 14016 14012 14066 14007 14016 14084
 14028 14093 14047 14026 14084 14086 14097 14044 14051 14058
 14067 14013 14066 14079 14067 14023 14031 14027 14048 14038
 14076 14016 14025 14083 14012 14020 14085 14065 14029 14062
 14034 14051 14094 14077 14014 14020 14005 14073 14075 14012
 14053 14069 14067 14058 14024 14089 14086 14089 14030

Array Size = 51
 15000 15004 15011 15014 15017 15017 15020 15021 15027 15028
 15028 15032 15036 15036 15037 15037 15038 15039 15041 15042
 15045 15046 15047 15047 15049 15051 15052 15052 15053 15067
 15068 15069 15070 15072 15073 15076 15080 15080 15082 15084
 15085 15087 15089 15090 15092 15094 15094 15095 15098 15098
 15099

Array Size = 68
 16013 16028 16032 16070 16090 16091 16092 16053 16042 16030
 16014 16073 16085 16034 16063 16081 16067 16098 16043 16022
 16078 16054 16009 16027 16083 16011 16074 16008 16002 16096
 16003 16097 16051 16033 16077 16044 16051 16013 16035 16082
 16089 16028 16063 16015 16018 16050 16023 16069 16023 16068
 16087 16022 16078 16083 16031 16071 16085 16049 16071 16070
 16002 16055 16068 16001 16082 16048 16021 16018

Array Size = 55
 17000 17002 17003 17006 17007 17008 17009 17009 17014 17016
 17016 17018 17021 17022 17027 17030 17031 17033 17033 17035
 17045 17045 17046 17047 17049 17049 17051 17053 17053 17054
 17055 17055 17057 17058 17059 17059 17062 17062 17064 17064
 17069 17070 17074 17075 17076 17081 17084 17085 17085 17087
 17089 17089 17089 17091 17095

Array Size = 52
 18021 18080 18018 18085 18032 18014 18079 18024 18003 18014
 18065 18052 18009 18067 18038 18025 18056 18015 18043 18094
 18004 18052 18078 18050 18038 18093 18095 18008 18059 18038
 18024 18029 18068 18054 18022 18048 18033 18023 18058 18082
 18089 18049 18041 18079 18041 18010 18081 18021 18051 18067
 18094 18055

Array Size = 82
 19000 19001 19002 19002 19003 19003 19003 19004 19004 19005
 19006 19007 19008 19009 19010 19011 19012 19015 19015 19016
 19020 19020 19021 19021 19022 19023 19023 19026 19027 19027
 19027 19030 19031 19031 19034 19037 19039 19039 19040 19041
 19043 19046 19047 19047 19048 19049 19050 19054 19057 19057
 19060 19060 19063 19064 19065 19065 19066 19069 19071 19073
 19077 19077 19078 19079 19080 19084 19085 19086 19086 19087
 19087 19089 19090 19091 19091 19092 19094 19095 19096 19096
 19098 19099

Array Size = 74
 20051 20068 20091 20046 20012 20054 20040 20043 20087 20083
 20031 20021 20090 20071 20013 20031 20069 20079 20021 20054
 20093 20061 20037 20097 20017 20065 20069 20051 20018 20034
 20084 20065 20081 20014 20076 20010 20062 20087 20038 20003
 20029 20008 20030 20028 20045 20008 20022 20007 20001 20098
 20010 20019 20098 20016 20037 20011 20040 20094 20000 20085
 20061 20047 20011 20011 20067 20003 20083 20000 20069 20062
 20054 20065 20060 20022

Array Size = 13
 21007 21008 21026 21028 21034 21040 21046 21051 21055 21074
 21080 21092 21096

Array Size = 59
 22076 22046 22019 22017 22074 22025 22032 22013 22073 22035
 22059 22060 22064 22079 22031 22034 22000 22089 22025 22092
 22086 22084 22045 22072 22019 22077 22019 22014 22035 22098
 22022 22009 22059 22081 22027 22058 22084 22028 22024 22005
 22038 22056 22049 22061 22011 22001 22053 22057 22084 22098
 22069 22010 22047 22070 22027 22071 22032 22041 22077

Array Size = 96
 23000 23000 23004 23004 23004 23005 23005 23005 23008 23012
 23012 23013 23013 23013 23013 23013 23013 23013 23014 23014
 23015 23016 23016 23016 23016 23017 23017 23019 23022 23023
 23023 23023 23025 23026 23027 23028 23031 23033 23036 23038
 23038 23040 23040 23041 23041 23043 23043 23044 23044 23045
 23046 23046 23047 23047 23048 23049 23050 23052 23053 23054
 23055 23055 23055 23057 23058 23059 23062 23063 23066 23068
 23069 23070 23070 23070 23071 23072 23074 23077 23077 23078
 23080 23080 23081 23082 23082 23084 23086 23087 23089 23090
 23091 23092 23093 23095 23095 23096

Array Size = 67
 24086 24038 24040 24042 24081 24004 24089 24015 24066 24090
 24062 24039 24018 24064 24015 24016 24076 24048 24029 24088
 24027 24075 24042 24054 24040 24043 24051 24065 24065 24030
 24010 24009 24067 24089 24091 24006 24002 24046 24051 24049
 24059 24063 24045 24071 24017 24058 24067 24042 24067 24078
 24063 24000 24028 24078 24021 24089 24043 24015 24017 24038
 24036 24017 24000 24076 24047 24092 24062

Array Size = 44
 25004 25005 25005 25006 25006 25009 25009 25013 25014 25014
 25017 25022 25022 25023 25023 25025 25030 25032 25032 25034
 25037 25038 25038 25039 25039 25042 25046 25048 25049 25051
 25054 25055 25057 25061 25066 25074 25090 25092 25093 25095
 25095 25096 25097 25099

Array Size = 77
 26018 26098 26052 26093 26042 26087 26015 26060 26066 26079
 26057 26052 26024 26009 26030 26084 26061 26038 26063 26016
 26035 26039 26018 26040 26060 26080 26014 26012 26057 26065
 26074 26060 26026 26013 26019 26033 26061 26095 26096 26040
 26049 26031 26082 26037 26093 26045 26001 26075 26047 26092
 26013 26075 26023 26025 26025 26001 26043 26090 26083 26007
 26081 26091 26061 26006 26028 26029 26071 26084 26062 26048
 26013 26067 26098 26040 26005 26027 26084

Array Size = 55
 27000 27003 27007 27009 27009 27010 27011 27012 27016 27017
 27019 27019 27020 27020 27024 27026 27028 27033 27034 27036
 27038 27041 27041 27042 27042 27043 27044 27046 27050 27052
 27053 27053 27054 27055 27060 27061 27063 27064 27064 27065
 27065 27071 27074 27077 27079 27079 27081 27085 27089 27093
 27094 27096 27097 27097 27098

Array Size = 41
 28001 28029 28026 28091 28032 28002 28064 28000 28077 28072
 28069 28058 28097 28062 28053 28042 28033 28071 28068 28013
 28040 28072 28003 28003 28047 28073 28024 28023 28051 28070
 28042 28075 28067 28075 28065 28008 28020 28020 28030 28008
 28061

Array Size = 70
 29001 29002 29007 29008 29009 29009 29011 29012 29012 29015
 29016 29016 29018 29020 29022 29022 29024 29026 29031 29031
 29032 29032 29034 29035 29039 29041 29042 29044 29045 29047
 29048 29049 29049 29054 29056 29056 29057 29058 29060 29061
 29062 29062 29062 29065 29066 29066 29066 29067 29068 29070
 29071 29075 29076 29077 29082 29083 29084 29084 29084 29085
 29085 29085 29085 29086 29088 29093 29094 29094 29098 29098


Array Size = 15
 30086 30096 30040 30045 30075 30005 30024 30004 30033 30006
 30072 30093 30016 30016 30014

Array Size = 60
 31001 31001 31005 31006 31008 31012 31015 31016 31017 31019
 31019 31020 31023 31027 31028 31029 31031 31036 31039 31040
 31040 31042 31042 31044 31044 31044 31045 31052 31053 31056
 31058 31058 31062 31064 31064 31066 31066 31068 31069 31069
 31071 31072 31073 31074 31074 31075 31076 31077 31078 31078
 31081 31082 31084 31084 31085 31085 31087 31091 31091 31096


Array Size = 45
 32039 32099 32081 32062 32029 32009 32089 32091 32086 32090
 32088 32038 32057 32082 32092 32034 32023 32082 32022 32005
 32058 32024 32012 32001 32028 32036 32070 32013 32099 32046
 32005 32049 32089 32026 32082 32028 32027 32050 32032 32099
 32095 32065 32066 32086 32069

Array Size = 52
 33001 33002 33003 33008 33008 33010 33013 33015 33015 33024
 33026 33026 33028 33028 33031 33031 33033 33033 33035 33039
 33039 33039 33043 33048 33048 33048 33050 33051 33052 33052
 33059 33059 33059 33069 33070 33073 33073 33073 33073 33073
 33077 33081 33082 33082 33083 33085 33088 33092 33097 33098
 33099 33099

Array Size = 55
 34020 34006 34065 34045 34080 34093 34075 34066 34006 34059
 34036 34052 34087 34096 34090 34068 34000 34020 34024 34001
 34068 34080 34090 34036 34099 34001 34082 34025 34032 34032
 34055 34051 34012 34086 34087 34081 34077 34017 34097 34000
 34061 34075 34061 34012 34096 34059 34057 34082 34002 34054
 34008 34014 34077 34013 34014

Array Size = 72
 35002 35003 35005 35007 35009 35010 35010 35011 35012 35014
 35015 35016 35017 35019 35020 35021 35023 35023 35027 35029
 35030 35032 35032 35033 35036 35036 35037 35038 35039 35040
 35040 35040 35041 35043 35045 35047 35051 35051 35054 35056
 35058 35058 35062 35064 35066 35068 35069 35071 35072 35073
 35074 35075 35075 35079 35080 35081 35082 35082 35082 35088
 35088 35089 35090 35091 35091 35092 35094 35094 35095 35095
 35097 35098

Array Size = 31
 36030 36032 36001 36048 36079 36028 36017 36000 36078 36076
 36037 36090 36061 36013 36018 36059 36076 36007 36065 36007
 36091 36005 36082 36069 36066 36047 36052 36020 36020 36058
 36079

Array Size = 75
 37000 37003 37003 37003 37004 37004 37007 37008 37008 37011
 37011 37011 37016 37018 37019 37019 37021 37024 37026 37029
 37029 37029 37032 37036 37036 37036 37037 37038 37038 37041
 37042 37043 37045 37045 37045 37046 37050 37051 37055 37055
 37058 37059 37059 37061 37061 37062 37063 37064 37066 37067
 37067 37070 37071 37071 37072 37077 37078 37079 37080 37080
 37083 37086 37087 37091 37091 37091 37092 37095 37095 37097
 37097 37097 37098 37098 37099

Array Size = 97
 38046 38017 38071 38045 38096 38094 38062 38033 38001 38007
 38083 38060 38071 38062 38040 38058 38007 38060 38045 38033
 38088 38007 38098 38084 38059 38031 38067 38064 38043 38004
 38059 38056 38023 38015 38021 38012 38030 38087 38016 38043
 38016 38072 38023 38092 38052 38097 38068 38023 38087 38096
 38007 38065 38056 38071 38080 38044 38053 38027 38021 38049
 38023 38002 38059 38086 38098 38002 38011 38061 38029 38099
 38031 38073 38065 38003 38084 38096 38069 38016 38034 38037
 38026 38089 38070 38047 38014 38036 38076 38080 38014 38075
 38025 38047 38036 38053 38012 38023 38024

Array Size = 54
 39002 39003 39004 39005 39006 39008 39009 39009 39012 39013
 39014 39019 39020 39026 39026 39028 39029 39030 39030 39031
 39036 39039 39040 39043 39045 39045 39046 39046 39046 39047
 39050 39052 39057 39057 39058 39063 39065 39066 39066 39067
 39075 39077 39082 39084 39084 39088 39088 39088 39088 39089
 39093 39094 39094 39099

Array Size = 27
 40028 40035 40038 40073 40000 40087 40026 40061 40077 40093
 40097 40086 40081 40091 40087 40031 40061 40094 40055 40016
 40027 40012 40045 40094 40094 40030 40056

Array Size = 11
 41005 41011 41044 41045 41045 41054 41059 41062 41063 41073
 41097

Array Size = 39
 42083 42007 42046 42084 42030 42008 42057 42081 42094 42049
 42035 42033 42009 42081 42036 42051 42056 42048 42025 42029
 42089 42010 42023 42059 42016 42077 42082 42007 42036 42081
 42066 42022 42099 42056 42061 42092 42064 42091 42012

Array Size = 48
 43000 43000 43003 43010 43011 43012 43016 43016 43026 43028
 43038 43038 43038 43039 43041 43042 43042 43044 43045 43051
 43051 43051 43052 43053 43053 43053 43056 43057 43059 43061
 43062 43063 43066 43066 43067 43067 43069 43072 43078 43079
 43080 43085 43087 43091 43093 43093 43095 43096

Array Size = 25
 44084 44097 44041 44004 44000 44083 44036 44003 44082 44012
 44025 44041 44073 44077 44033 44011 44044 44052 44059 44053
 44073 44096 44074 44003 44092

Array Size = 79
 45000 45001 45002 45003 45004 45011 45013 45016 45016 45016
 45017 45017 45019 45020 45025 45027 45029 45030 45030 45030
 45033 45033 45035 45036 45036 45037 45037 45038 45039 45040
 45042 45043 45045 45048 45048 45055 45059 45059 45060 45062
 45063 45063 45064 45068 45068 45070 45071 45071 45071 45073
 45073 45074 45075 45077 45079 45080 45080 45081 45081 45083
 45085 45086 45087 45087 45087 45091 45091 45091 45092 45093
 45093 45094 45094 45097 45097 45097 45098 45099 45099

Array Size = 30
 46043 46053 46053 46047 46035 46000 46082 46006 46016 46003
 46004 46090 46027 46029 46072 46040 46072 46078 46083 46014
 46020 46090 46098 46032 46046 46012 46041 46055 46043 46091


Array Size = 32
 47001 47003 47003 47005 47006 47007 47008 47008 47011 47017
 47019 47028 47036 47043 47044 47053 47058 47062 47064 47068
 47069 47070 47072 47072 47074 47078 47079 47084 47084 47091
 47092 47098

Array Size = 96
 48030 48010 48095 48081 48034 48062 48095 48036 48096 48097
 48033 48050 48073 48026 48032 48082 48097 48073 48059 48021
 48099 48017 48043 48012 48008 48067 48039 48095 48008 48026
 48051 48042 48011 48051 48074 48017 48072 48091 48050 48089
 48038 48066 48087 48091 48062 48073 48058 48014 48052 48095
 48001 48045 48000 48095 48014 48010 48053 48061 48006 48021
 48037 48038 48088 48057 48093 48006 48074 48009 48025 48005
 48006 48036 48018 48068 48058 48078 48073 48076 48036 48008
 48088 48093 48040 48031 48048 48064 48049 48023 48023 48015
 48013 48046 48050 48098 48016 48029

Array Size = 35
 49003 49007 49019 49020 49021 49024 49029 49030 49033 49034
 49040 49043 49045 49050 49050 49053 49054 49056 49062 49063
 49065 49066 49066 49068 49069 49074 49074 49076 49079 49080
 49086 49087 49091 49095 49098

Array Size = 44
 50053 50076 50083 50034 50077 50052 50074 50066 50043 50004
 50031 50046 50007 50040 50039 50090 50059 50027 50045 50044
 50006 50082 50025 50037 50012 50060 50081 50019 50080 50009
 50039 50076 50033 50037 50004 50026 50095 50091 50069 50064
 50047 50090 50066 50073

Array Size = 14
 51006 51006 51017 51032 51037 51042 51042 51045 51050 51062
 51066 51083 51098 51099

Array Size = 12
 52075 52022 52092 52038 52072 52041 52066 52014 52080 52074
 52046 52074

Array Size = 84
 53000 53002 53003 53004 53005 53006 53006 53008 53008 53008
 53011 53012 53014 53016 53016 53020 53021 53022 53025 53025
 53028 53028 53029 53030 53031 53031 53031 53032 53037 53039
 53040 53042 53042 53043 53045 53048 53049 53051 53051 53051
 53051 53051 53056 53058 53059 53059 53059 53064 53065 53067
 53068 53068 53070 53071 53071 53072 53075 53075 53077 53078
 53078 53079 53080 53081 53081 53081 53082 53082 53084 53085
 53086 53087 53090 53091 53091 53092 53093 53093 53094 53095
 53096 53097 53098 53099

Array Size = 77
 54047 54031 54024 54080 54087 54042 54041 54076 54078 54088
 54069 54075 54001 54006 54000 54075 54028 54022 54043 54082
 54033 54006 54007 54040 54007 54041 54093 54034 54051 54078
 54059 54075 54075 54099 54044 54069 54022 54069 54006 54051
 54063 54001 54089 54052 54034 54068 54087 54067 54079 54068
 54053 54040 54018 54013 54088 54034 54016 54082 54076 54039
 54081 54018 54004 54046 54086 54011 54087 54078 54036 54092
 54075 54099 54058 54070 54095 54091 54026

Array Size = 40
 55001 55005 55007 55015 55016 55019 55022 55023 55025 55027
 55027 55028 55031 55034 55038 55038 55040 55042 55042 55044
 55045 55047 55049 55050 55056 55059 55062 55067 55068 55069
 55071 55079 55079 55080 55084 55090 55092 55093 55097 55099


Array Size = 91
 56015 56030 56075 56015 56026 56053 56034 56052 56045 56026
 56086 56014 56048 56061 56057 56082 56099 56074 56055 56086
 56049 56021 56084 56073 56070 56019 56035 56059 56022 56038
 56014 56098 56022 56047 56056 56086 56007 56006 56089 56075
 56090 56033 56012 56011 56087 56089 56003 56036 56059 56032
 56004 56030 56019 56003 56063 56098 56043 56033 56067 56064
 56007 56033 56093 56026 56045 56026 56003 56060 56016 56028
 56019 56068 56012 56014 56099 56057 56054 56051 56033 56030
 56044 56080 56062 56001 56085 56003 56060 56004 56041 56013
 56030

Array Size = 31
 57000 57004 57015 57015 57023 57024 57029 57032 57032 57037
 57046 57051 57052 57053 57054 57059 57059 57068 57070 57071
 57072 57076 57079 57084 57087 57088 57089 57090 57091 57092
 57099

Array Size = 78
 58098 58091 58070 58024 58011 58022 58056 58075 58076 58017
 58062 58016 58028 58039 58095 58013 58008 58043 58037 58082
 58084 58084 58030 58021 58042 58092 58031 58081 58041 58073
 58067 58003 58036 58047 58083 58046 58041 58064 58031 58090
 58050 58020 58086 58008 58040 58093 58045 58076 58083 58005
 58078 58052 58087 58030 58049 58081 58047 58047 58031 58091
 58094 58094 58005 58049 58005 58009 58009 58058 58028 58094
 58052 58012 58006 58089 58090 58018 58076 58068

Array Size = 83
 59002 59003 59004 59005 59005 59005 59007 59008 59010 59010
 59011 59011 59011 59013 59013 59014 59015 59016 59016 59017
 59018 59018 59022 59025 59026 59026 59028 59029 59032 59032
 59034 59035 59035 59035 59037 59037 59039 59039 59041 59041
 59041 59042 59043 59044 59044 59044 59047 59048 59049 59050
 59055 59057 59058 59058 59059 59066 59069 59070 59071 59073
 59074 59075 59077 59079 59083 59084 59084 59084 59086 59087
 59090 59090 59091 59091 59092 59094 59094 59094 59094 59095
 59096 59099 59099

Array Size = 89
 60016 60053 60067 60004 60033 60046 60038 60032 60085 60042
 60076 60087 60016 60057 60017 60089 60060 60069 60009 60060
 60048 60028 60035 60008 60092 60078 60017 60021 60024 60070
 60026 60034 60085 60000 60047 60031 60070 60089 60052 60054
 60026 60039 60026 60051 60032 60099 60056 60004 60079 60014
 60083 60046 60039 60054 60084 60036 60030 60031 60034 60080
 60031 60062 60096 60029 60003 60016 60005 60078 60061 60076
 60057 60038 60011 60027 60040 60066 60099 60059 60042 60049
 60060 60093 60043 60034 60091 60030 60019 60032 60066

Array Size = 83
 61001 61003 61003 61004 61005 61005 61005 61005 61009 61011
 61011 61011 61011 61013 61014 61016 61016 61017 61017 61017
 61017 61017 61018 61018 61022 61024 61024 61025 61025 61026
 61027 61027 61028 61029 61030 61031 61031 61032 61035 61036
 61037 61037 61038 61039 61040 61040 61041 61043 61045 61046
 61047 61049 61051 61052 61052 61055 61056 61057 61058 61059
 61060 61060 61062 61068 61070 61070 61078 61079 61083 61083
 61084 61085 61087 61088 61088 61088 61091 61091 61091 61093
 61097 61098 61099

Array Size = 18
 62044 62062 62015 62024 62046 62070 62068 62089 62035 62079
 62044 62014 62011 62096 62085 62016 62062 62063

Array Size = 77
 63003 63003 63005 63005 63008 63008 63009 63010 63011 63012
 63012 63014 63015 63017 63017 63018 63019 63022 63022 63022
 63023 63023 63024 63026 63028 63029 63029 63030 63034 63034
 63036 63036 63036 63037 63040 63041 63042 63042 63043 63044
 63045 63047 63048 63049 63049 63050 63053 63053 63054 63055
 63056 63057 63058 63060 63066 63067 63068 63069 63070 63070
 63070 63071 63075 63077 63078 63083 63084 63091 63092 63093
 63093 63094 63096 63096 63096 63097 63099

Array Size = 57
 64075 64001 64081 64021 64096 64098 64059 64033 64074 64099
 64048 64045 64077 64096 64093 64008 64088 64016 64064 64050
 64006 64025 64000 64069 64083 64000 64024 64025 64052 64035
 64012 64080 64086 64078 64074 64014 64073 64064 64080 64099
 64040 64024 64073 64088 64088 64020 64009 64037 64029 64061
 64036 64059 64079 64004 64024 64006 64004

Array Size = 37
 65001 65003 65005 65007 65008 65010 65012 65016 65018 65021
 65026 65029 65029 65033 65038 65040 65042 65042 65046 65048
 65051 65052 65055 65055 65056 65070 65071 65071 65076 65078
 65080 65080 65083 65086 65091 65094 65095

Array Size = 60
 66012 66065 66078 66063 66010 66004 66089 66005 66062 66037
 66051 66086 66082 66028 66093 66049 66058 66063 66069 66072
 66091 66060 66043 66012 66037 66068 66063 66079 66067 66001
 66051 66061 66014 66086 66016 66059 66009 66042 66051 66026
 66077 66071 66035 66088 66065 66003 66096 66087 66030 66070
 66089 66039 66089 66002 66093 66083 66054 66094 66088 66034


Array Size = 12
 67005 67011 67018 67027 67029 67032 67035 67037 67042 67051
 67053 67085

Array Size = 38
 68030 68004 68092 68089 68054 68001 68010 68054 68009 68096
 68085 68013 68043 68080 68075 68059 68093 68066 68075 68014
 68026 68009 68010 68052 68042 68066 68057 68007 68058 68072
 68088 68076 68079 68013 68065 68066 68017 68050

Array Size = 88
 69000 69000 69001 69002 69002 69006 69010 69011 69011 69012
 69013 69014 69014 69016 69020 69022 69022 69026 69028 69030
 69030 69031 69031 69031 69031 69032 69033 69034 69034 69038
 69040 69040 69041 69041 69044 69045 69046 69047 69047 69050
 69050 69050 69051 69051 69053 69053 69053 69053 69055 69056
 69057 69059 69060 69061 69062 69064 69066 69068 69069 69072
 69072 69073 69074 69075 69075 69076 69077 69079 69080 69081
 69081 69083 69083 69085 69086 69088 69090 69090 69090 69092
 69092 69093 69094 69095 69095 69097 69098 69099

Array Size = 14
 70079 70097 70081 70058 70046 70031 70067 70063 70025 70009
 70055 70020 70023 70025

Array Size = 20
 71010 71011 71021 71024 71025 71033 71037 71041 71043 71046
 71047 71049 71054 71056 71059 71066 71075 71078 71080 71088


Array Size = 78
 72093 72076 72039 72077 72033 72008 72081 72065 72017 72065
 72034 72095 72006 72022 72074 72038 72025 72068 72034 72058
 72003 72091 72036 72066 72024 72025 72011 72051 72029 72086
 72030 72002 72008 72028 72053 72091 72052 72095 72097 72012
 72043 72025 72037 72036 72047 72078 72021 72072 72091 72073
 72003 72004 72078 72096 72037 72090 72047 72046 72035 72059
 72028 72075 72057 72084 72042 72021 72061 72054 72093 72099
 72085 72086 72081 72041 72053 72014 72042 72007

Array Size = 28
 73002 73003 73003 73005 73009 73012 73017 73019 73031 73036
 73037 73038 73039 73040 73042 73046 73054 73057 73059 73069
 73070 73076 73078 73078 73084 73085 73097 73099

Array Size = 27
 74014 74062 74002 74023 74076 74060 74090 74044 74076 74031
 74065 74055 74008 74036 74012 74027 74017 74064 74067 74008
 74046 74040 74031 74046 74085 74083 74036

Array Size = 34
 75001 75002 75003 75009 75016 75024 75024 75030 75032 75039
 75039 75039 75041 75045 75047 75048 75055 75056 75057 75059
 75062 75064 75068 75075 75075 75076 75076 75077 75078 75086
 75087 75089 75089 75091

Array Size = 26
 76088 76065 76025 76038 76016 76021 76036 76028 76014 76083
 76040 76093 76056 76046 76043 76089 76077 76050 76072 76053
 76067 76003 76070 76045 76047 76069

Array Size = 16
 77010 77014 77022 77025 77028 77028 77054 77058 77060 77062
 77065 77068 77078 77084 77087 77090

Array Size = 87
 78073 78020 78098 78025 78012 78063 78059 78071 78049 78028
 78057 78018 78004 78041 78020 78016 78073 78035 78096 78078
 78029 78067 78064 78003 78053 78041 78003 78097 78099 78098
 78099 78015 78062 78001 78023 78043 78083 78053 78064 78011
 78067 78066 78001 78047 78001 78020 78030 78008 78025 78072
 78056 78017 78093 78011 78008 78067 78048 78088 78076 78090
 78086 78005 78008 78089 78050 78010 78015 78056 78099 78047
 78076 78046 78037 78049 78065 78072 78014 78080 78047 78024
 78041 78012 78025 78050 78090 78086 78019

Array Size = 58
 79003 79005 79006 79009 79009 79012 79012 79016 79016 79021
 79021 79022 79023 79025 79027 79029 79031 79033 79033 79034
 79035 79036 79037 79040 79041 79041 79042 79044 79047 79048
 79049 79053 79053 79054 79056 79057 79061 79062 79062 79062
 79068 79068 79069 79069 79072 79073 79073 79075 79077 79077
 79078 79081 79081 79089 79090 79092 79094 79097

Array Size = 40
 80048 80043 80050 80041 80079 80085 80074 80095 80068 80017
 80049 80055 80037 80052 80061 80024 80053 80021 80025 80047
 80051 80016 80028 80027 80017 80089 80038 80060 80085 80056
 80056 80056 80049 80007 80004 80026 80095 80014 80005 80038


Array Size = 90
 81000 81003 81003 81004 81004 81005 81007 81007 81008 81010
 81010 81011 81011 81012 81013 81013 81018 81018 81020 81021
 81021 81021 81025 81025 81027 81029 81029 81033 81033 81034
 81035 81036 81037 81039 81041 81041 81043 81045 81046 81047
 81047 81048 81048 81048 81048 81049 81049 81050 81050 81051
 81052 81055 81055 81056 81056 81057 81058 81058 81061 81064
 81065 81066 81067 81068 81068 81069 81070 81071 81073 81075
 81076 81077 81077 81079 81081 81081 81083 81083 81087 81087
 81088 81090 81090 81091 81092 81092 81095 81095 81098 81099


Array Size = 55
 82006 82024 82065 82079 82010 82090 82093 82035 82006 82014
 82083 82017 82021 82089 82020 82000 82000 82089 82045 82066
 82084 82034 82013 82030 82035 82008 82092 82027 82097 82080
 82051 82097 82076 82008 82074 82057 82067 82081 82062 82072
 82048 82023 82005 82080 82060 82043 82096 82013 82040 82072
 82021 82021 82002 82086 82065

Array Size = 66
 83001 83006 83006 83008 83009 83010 83011 83012 83013 83014
 83017 83017 83017 83018 83018 83019 83020 83021 83027 83027
 83034 83035 83035 83037 83037 83037 83037 83038 83039 83039
 83043 83045 83045 83047 83047 83048 83049 83051 83052 83058
 83058 83059 83061 83062 83064 83067 83070 83070 83072 83072
 83073 83073 83074 83075 83077 83078 83078 83078 83079 83086
 83086 83087 83088 83094 83095 83098

Array Size = 90
 84087 84028 84082 84090 84051 84000 84087 84074 84058 84000
 84083 84051 84071 84044 84022 84011 84069 84040 84011 84073
 84018 84000 84028 84096 84079 84056 84011 84021 84074 84042
 84059 84074 84005 84064 84008 84023 84087 84087 84092 84090
 84096 84050 84009 84089 84016 84037 84075 84002 84068 84068
 84050 84046 84012 84052 84014 84006 84055 84046 84083 84094
 84099 84037 84077 84016 84093 84095 84069 84055 84035 84030
 84037 84087 84002 84084 84051 84009 84091 84007 84037 84045
 84025 84031 84003 84073 84036 84010 84051 84007 84050 84085


Array Size = 24
 85007 85009 85014 85018 85029 85029 85033 85036 85040 85048
 85049 85053 85054 85058 85061 85065 85076 85077 85084 85088
 85093 85098 85099 85099

Array Size = 76
 86002 86073 86033 86054 86038 86004 86075 86069 86075 86024
 86017 86099 86081 86071 86068 86089 86048 86020 86052 86027
 86063 86067 86007 86017 86016 86030 86030 86071 86075 86071
 86075 86081 86033 86018 86017 86074 86044 86036 86069 86039
 86082 86068 86089 86005 86098 86089 86096 86089 86067 86092
 86094 86089 86042 86072 86061 86040 86074 86003 86090 86015
 86077 86055 86075 86007 86061 86082 86041 86094 86006 86078
 86054 86083 86090 86039 86045 86026

Array Size = 67
 87001 87003 87006 87006 87009 87011 87014 87015 87015 87020
 87021 87028 87031 87032 87032 87032 87034 87034 87036 87036
 87039 87039 87040 87041 87042 87043 87044 87044 87045 87046
 87047 87047 87048 87048 87050 87052 87054 87055 87055 87055
 87056 87060 87061 87063 87063 87064 87065 87065 87067 87067
 87068 87070 87073 87073 87074 87075 87075 87076 87077 87078
 87082 87084 87084 87087 87093 87096 87098

Array Size = 73
 88060 88063 88042 88059 88041 88095 88011 88038 88025 88060
 88026 88085 88066 88076 88029 88078 88088 88089 88085 88099
 88002 88003 88099 88016 88067 88036 88027 88075 88021 88093
 88031 88065 88094 88032 88000 88039 88035 88010 88053 88020
 88034 88025 88066 88075 88073 88043 88096 88007 88036 88003
 88067 88000 88019 88078 88024 88049 88079 88074 88098 88051
 88044 88080 88042 88035 88025 88039 88033 88040 88022 88008
 88045 88018 88007

Array Size = 64
 89002 89002 89003 89004 89004 89004 89010 89010 89011 89013
 89013 89014 89014 89014 89017 89019 89020 89021 89023 89024
 89027 89029 89030 89032 89034 89034 89036 89041 89043 89047
 89049 89051 89051 89052 89054 89055 89058 89059 89063 89064
 89066 89067 89068 89068 89070 89073 89075 89077 89077 89077
 89080 89081 89081 89082 89085 89089 89090 89091 89091 89091
 89093 89095 89095 89099

Array Size = 18
 90093 90092 90034 90059 90054 90035 90056 90089 90028 90025
 90075 90053 90057 90090 90072 90031 90003 90056

Array Size = 99
 91000 91001 91002 91002 91003 91007 91008 91009 91009 91010
 91010 91010 91011 91012 91012 91013 91014 91015 91015 91019
 91019 91020 91020 91022 91022 91023 91025 91025 91025 91026
 91027 91028 91030 91031 91036 91038 91039 91039 91039 91040
 91040 91041 91043 91043 91045 91045 91045 91047 91048 91049
 91050 91050 91051 91051 91054 91054 91056 91056 91056 91056
 91057 91057 91059 91060 91060 91062 91063 91067 91067 91068
 91068 91069 91070 91072 91073 91074 91074 91074 91075 91076
 91078 91081 91082 91084 91084 91086 91087 91089 91090 91090
 91090 91091 91092 91095 91096 91097 91097 91099 91099

Array Size = 91
 92011 92061 92010 92069 92046 92013 92034 92067 92080 92036
 92041 92058 92006 92063 92022 92099 92026 92062 92036 92073
 92059 92095 92017 92044 92019 92043 92005 92046 92062 92006
 92003 92089 92044 92020 92060 92032 92054 92061 92079 92017
 92019 92054 92032 92040 92095 92002 92083 92035 92079 92066
 92042 92060 92008 92040 92083 92041 92076 92029 92044 92026
 92006 92047 92022 92026 92069 92077 92084 92094 92036 92050
 92057 92006 92038 92030 92044 92093 92032 92038 92020 92038
 92074 92004 92002 92082 92042 92079 92054 92024 92021 92003
 92029

Array Size = 94
 93001 93001 93001 93002 93004 93004 93005 93008 93011 93011
 93012 93017 93018 93019 93020 93020 93021 93024 93024 93024
 93024 93024 93025 93027 93031 93031 93033 93034 93035 93036
 93038 93038 93038 93040 93040 93040 93042 93045 93046 93046
 93047 93048 93048 93049 93050 93051 93053 93054 93055 93055
 93056 93058 93061 93061 93062 93065 93066 93068 93068 93068
 93069 93070 93070 93071 93071 93071 93071 93073 93073 93075
 93075 93075 93076 93077 93077 93078 93079 93080 93081 93082
 93084 93085 93085 93085 93088 93088 93088 93089 93089 93090
 93092 93093 93094 93096

Array Size = 53
 94019 94053 94052 94029 94017 94020 94060 94027 94085 94045
 94057 94074 94010 94049 94076 94049 94010 94038 94045 94043
 94007 94005 94016 94008 94083 94093 94066 94007 94082 94063
 94033 94071 94077 94000 94018 94069 94058 94002 94006 94085
 94082 94047 94080 94054 94011 94022 94024 94089 94041 94054
 94025 94071 94029

Array Size = 34
 95000 95001 95001 95007 95008 95011 95015 95015 95016 95017
 95019 95023 95024 95025 95030 95031 95031 95036 95040 95042
 95044 95047 95048 95053 95054 95054 95057 95063 95067 95067
 95072 95078 95084 95089

Array Size = 22
 96087 96001 96053 96062 96086 96010 96030 96049 96040 96077
 96043 96067 96001 96092 96035 96042 96089 96072 96054 96029
 96086 96083

Array Size = 75
 97003 97006 97007 97009 97010 97013 97014 97014 97015 97016
 97017 97018 97020 97020 97021 97028 97028 97032 97033 97037
 97040 97041 97041 97041 97042 97042 97045 97045 97047 97048
 97049 97050 97050 97051 97053 97055 97055 97056 97056 97056
 97059 97061 97062 97065 97066 97066 97067 97068 97069 97070
 97071 97072 97072 97073 97074 97076 97077 97081 97084 97084
 97085 97085 97086 97087 97088 97089 97091 97092 97092 97093
 97095 97096 97096 97097 97098

Array Size = 41
 98082 98068 98016 98036 98055 98013 98079 98058 98008 98006
 98044 98008 98036 98022 98026 98007 98061 98008 98063 98005
 98099 98016 98067 98073 98088 98061 98033 98096 98013 98031
 98001 98066 98049 98058 98087 98095 98082 98052 98046 98027
 98067

Array Size = 45
 99006 99015 99021 99023 99023 99025 99025 99026 99030 99031
 99032 99033 99035 99036 99042 99044 99047 99047 99048 99048
 99055 99056 99057 99058 99059 99062 99064 99066 99067 99067
 99069 99075 99075 99076 99077 99078 99080 99081 99083 99088
 99089 99096 99099 99099 99099
30 97031 97031 97032 97032
 97041 97042 97043 97043 97043 97044 97044 97046 97046 97048
 97050 97051 97053 97056 97057 97058 97059 97060 97061 97063
 97064 97064 97064 97065 97066 97067 97068 97068 97069 97070
 97070 97071 97071 97073 97073 97075 97077 97078 97078 97078
 97083 97085 97086 97087 97087 97088 97089 97090 97091 97093
 97093 97095 97095 97095 97096 97099

Array Size = 20
 98095 98028 98088 98095 98073 98046 98027 98072 98061 98052
 98051 98026 98085 98010 98059 98053 98089 98091 98050 98001


Array Size = 19
 99000 99008 99008 99017 99018 99020 99024 99025 99029 99042
 99045 99057 99057 99064 99069 99079 99091 99095 99098
46 97046 97046 97048
 97049 97056 97056 97057 97059 97059 97059 97060 97061 97062
 97062 97062 97063 97064 97065 97066 97069 97070 97073 97073
 97074 97075 97077 97079 97083 97083 97084 97087 97088 97088
 97091 97091 97091 97093 97093 97097

Array Size = 90
 98021 98095 98099 98020 98035 98044 98019 98033 98073 98031
 98060 98013 98006 98095 98003 98024 98093 98070 98005 98060
 98013 98040 98017 98002 98086 98029 98085 98009 98012 98015
 98088 98072 98046 98081 98011 98091 98044 98027 98066 98028
 98067 98044 98003 98074 98089 98036 98027 98060 98065 98094
 98056 98042 98010 98074 98009 98046 98062 98016 98055 98092
 98086 98039 98065 98069 98005 98057 98057 98013 98099 98021
 98037 98095 98062 98048 98058 98029 98002 98089 98073 98076
 98032 98054 98016 98030 98037 98076 98000 98095 98018 98071


Array Size = 57
 99004 99010 99011 99013 99014 99016 99017 99019 99019 99020
 99021 99022 99028 99028 99029 99029 99030 99030 99031 99031
 99034 99038 99039 99039 99042 99042 99044 99045 99047 99048
 99052 99052 99053 99054 99055 99055 99056 99057 99058 99062
 99063 99068 99071 99074 99079 99080 99080 99081 99081 99081
 99082 99086 99088 99089 99092 99092 99097
99019 99020 99021 99022 99023 99028 99030
 99031 99031 99032 99032 99032 99033 99035 99036 99037 99037
 99038 99038 99039 99039 99042 99044 99044 99044 99047 99048
 99049 99049 99050 99051 99051 99051 99052 99052 99052 99052
 99052 99053 99054 99054 99055 99055 99055 99056 99056 99056
 99057 99058 99059 99059 99060 99061 99064 99064 99066 99067
 99067 99068 99069 99072 99074 99076 99076 99077 99078 99084
 99084 99086 99090 99091 99091 99094 99095 99099 99099 99099

