
Array Size = 50
    50    26    88    61    23    27    41    35    44    34
    68    65    21    25    12     2    28    81    96    16
    98    39     8    34    92    69    57    98    41    53
    29     9    52    30    56    86    72    89    36    86
    41    68    52    66    96    89    86     3    81    27


Array Size = 50
  1059  1019  1051  1033  1070  1032  1003  1044  1007  1020
  1019  1047  1018  1057  1019  1096  1076  1027  1021  1095
  1073  1039  1001  1081  1060  1095  1087  1053  1003  1012
  1054  1091  1031  1051  1030  1015  1007  1036  1055  1062
  1008  1009  1036  1070  1004  1047  1003  1028  1029  1044


Array Size = 50
  2097  2096  2062  2078  2002  2088  2073  2067  2002  2072
  2016  2004  2080  2033  2096  2062  2004  2008  2033  2010
  2039  2051  2067  2091  2062  2025  2020  2037  2056  2002
  2086  2049  2077  2012  2086  2080  2072  2044  2004  2047
  2095  2094  2029  2004  2032  2054  2085  2024  2018  2094


Array Size = 50
  3011  3011  3083  3023  3070  3077  3075  3040  3080  3052
  3002  3065  3085  3030  3030  3003  3078  3019  3056  3058
  3063  3024  3020  3087  3017  3092  3071  3010  3023  3058
  3090  3022  3095  3023  3092  3003  3056  3003  3036  3053
  3028  3079  3058  3025  3042  3090  3074  3000  3040  3014


Array Size = 50
  4018  4012  4080  4081  4023  4065  4002  4081  4092  4056
  4084  4095  4022  4034  4052  4025  4012  4075  4040  4088
  4041  4080  4026  4069  4065  4055  4083  4011  4076  4012
  4048  4094  4094  4036  4087  4041  4014  4040  4058  4064
  4063  4013  4083  4005  4054  4042  4072  4087  4023  4091


Array Size = 50
  5086  5005  5003  5052  5024  5038  5038  5003  5011  5044
  5037  5009  5031  5022  5008  5022  5011  5005  5010  5058
  5004  5091  5058  5051  5078  5098  5091  5059  5009  5027
  5092  5032  5033  5063  5039  5056  5002  5042  5005  5069
  5068  5056  5007  5062  5071  5029  5081  5032  5000  5054


Array Size = 50
  6050  6076  6039  6015  6090  6047  6095  6024  6023  6042
  6093  6051  6087  6070  6089  6028  6088  6071  6062  6062
  6081  6006  6068  6024  6038  6066  6046  6041  6079  6073
  6012  6021  6077  6032  6041  6084  6066  6075  6010  6089
  6050  6095  6011  6005  6094  6045  6007  6081  6068  6023


Array Size = 50
  7094  7015  7048  7083  7032  7006  7091  7081  7068  7041
  7099  7099  7014  7042  7092  7039  7024  7097  7049  7075
  7048  7005  7026  7007  7097  7091  7012  7021  7074  7083
  7087  7049  7046  7001  7015  7098  7086  7095  7092  7089
  7049  7012  7004  7068  7034  7013  7053  7059  7086  7044


Array Size = 50
  8080  8011  8055  8083  8082  8088  8040  8062  8039  8092
  8084  8004  8081  8054  8059  8013  8027  8010  8043  8001
  8033  8080  8049  8073  8030  8052  8069  8021  8017  8083
  8005  8073  8076  8091  8024  8023  8051  8053  8079  8032
  8028  8052  8064  8047  8014  8082  8007  8084  8025  8093


Array Size = 50
  9099  9042  9012  9089  9035  9099  9046  9014  9039  9081
  9055  9070  9028  9006  9079  9056  9012  9087  9051  9038
  9087  9072  9063  9092  9048  9046  9028  9068  9083  9017
  9075  9049  9051  9083  9047  9005  9074  9062  9078  9074
  9035  9036  9059  9099  9077  9028  9057  9040  9027  9024


Array Size = 50
 10023 10012 10086 10057 10006 10083 10070 10022 10077 10099
 10052 10038 10041 10030 10076 10006 10067 10016 10080 10049
 10080 10033 10018 10027 10001 10030 10048 10041 10071 10012
 10071 10097 10017 10052 10037 10022 10068 10069 10058 10003
 10027 10087 10007 10091 10032 10062 10093 10001 10013 10080


Array Size = 50
 11049 11015 11030 11089 11094 11060 11011 11072 11052 11091
 11002 11042 11050 11057 11016 11045 11013 11021 11073 11098
 11043 11012 11077 11040 11074 11011 11005 11084 11074 11065
 11097 11084 11025 11044 11086 11017 11008 11076 11039 11054
 11026 11062 11036 11048 11061 11078 11031 11031 11074 11032


Array Size = 50
 12028 12089 12075 12083 12062 12009 12097 12004 12037 12092
 12083 12042 12002 12057 12034 12069 12069 12005 12092 12064
 12025 12079 12080 12062 12005 12048 12015 12071 12036 12091
 12062 12042 12066 12035 12091 12028 12072 12093 12078 12078
 12062 12025 12066 12080 12076 12074 12033 12073 12099 12027


Array Size = 50
 13052 13092 13001 13000 13077 13036 13098 13011 13013 13030
 13016 13041 13077 13008 13035 13014 13018 13082 13094 13073
 13049 13009 13036 13022 13056 13058 13018 13034 13065 13028
 13016 13084 13004 13039 13011 13095 13097 13006 13065 13011
 13008 13060 13045 13000 13055 13083 13072 13040 13067 13014


Array Size = 50
 14031 14084 14072 14072 14038 14047 14021 14057 14004 14026
 14066 14074 14033 14037 14035 14005 14040 14069 14020 14050
 14087 14021 14088 14016 14019 14048 14061 14037 14087 14046
 14093 14011 14072 14029 14088 14074 14070 14073 14050 14085
 14025 14096 14054 14088 14080 14081 14005 14041 14017 14032


Array Size = 50
 15049 15089 15032 15042 15050 15034 15008 15072 15032 15071
 15089 15026 15059 15097 15037 15075 15045 15033 15089 15090
 15075 15066 15038 15098 15019 15054 15003 15036 15055 15068
 15050 15004 15077 15060 15083 15007 15015 15007 15092 15009
 15036 15067 15091 15062 15012 15020 15004 15032 15018 15021


Array Size = 50
 16037 16009 16055 16080 16085 16006 16042 16038 16040 16033
 16002 16037 16034 16045 16077 16077 16072 16001 16027 16088
 16076 16050 16052 16057 16050 16016 16088 16027 16010 16023
 16038 16023 16024 16000 16003 16043 16000 16046 16084 16043
 16040 16081 16084 16078 16010 16009 16087 16059 16097 16068


Array Size = 50
 17075 17018 17083 17047 17035 17089 17065 17073 17010 17068
 17010 17036 17091 17095 17076 17088 17070 17012 17050 17099
 17075 17022 17029 17069 17030 17087 17059 17059 17074 17017
 17030 17049 17074 17095 17033 17070 17030 17032 17068 17059
 17071 17040 17096 17037 17062 17028 17016 17019 17031 17072


Array Size = 50
 18067 18027 18024 18001 18092 18040 18042 18029 18084 18027
 18042 18082 18083 18077 18074 18089 18051 18016 18023 18050
 18040 18048 18016 18082 18078 18073 18056 18072 18075 18034
 18000 18053 18048 18056 18065 18033 18065 18045 18017 18055
 18088 18012 18063 18030 18070 18079 18066 18066 18092 18086


Array Size = 50
 19064 19007 19083 19079 19096 19064 19006 19032 19081 19061
 19084 19020 19093 19029 19098 19039 19012 19082 19031 19014
 19052 19090 19045 19052 19029 19021 19054 19018 19019 19078
 19082 19006 19002 19019 19028 19067 19057 19073 19076 19089
 19063 19015 19000 19057 19062 19061 19057 19040 19015 19072


Array Size = 50
 20021 20046 20096 20077 20061 20014 20047 20031 20073 20065
 20042 20068 20023 20029 20025 20053 20022 20083 20059 20016
 20066 20079 20066 20035 20033 20084 20088 20069 20045 20010
 20016 20089 20028 20037 20013 20042 20074 20027 20078 20042
 20036 20032 20063 20094 20026 20014 20000 20061 20021 20034


Array Size = 50
 21088 21072 21050 21075 21068 21084 21062 21013 21066 21000
 21043 21015 21017 21041 21098 21035 21001 21072 21066 21059
 21010 21056 21031 21044 21030 21075 21036 21085 21015 21013
 21031 21024 21044 21090 21071 21054 21084 21026 21014 21040
 21076 21010 21065 21039 21077 21091 21018 21060 21092 21088


Array Size = 50
 22049 22010 22013 22057 22098 22085 22078 22061 22016 22053
 22026 22050 22054 22088 22015 22030 22037 22066 22062 22033
 22064 22055 22005 22016 22075 22038 22010 22093 22048 22081
 22031 22020 22023 22023 22006 22053 22004 22095 22034 22080
 22070 22083 22046 22052 22084 22088 22042 22077 22027 22046


Array Size = 50
 23008 23028 23012 23034 23016 23093 23063 23053 23004 23037
 23037 23077 23019 23061 23029 23005 23007 23011 23056 23057
 23092 23040 23053 23016 23088 23084 23058 23040 23075 23094
 23078 23089 23012 23087 23096 23057 23056 23061 23081 23008
 23081 23035 23033 23033 23047 23071 23094 23036 23056 23027


Array Size = 50
 24071 24003 24083 24097 24011 24016 24091 24071 24040 24068
 24085 24067 24003 24029 24062 24082 24031 24004 24062 24050
 24039 24049 24068 24013 24004 24074 24067 24011 24030 24026
 24013 24010 24060 24059 24055 24041 24025 24008 24095 24076
 24012 24041 24049 24076 24089 24092 24060 24049 24056 24074


Array Size = 50
 25066 25090 25099 25081 25080 25047 25005 25097 25090 25067
 25012 25089 25048 25052 25042 25087 25086 25014 25020 25033
 25069 25048 25004 25003 25072 25057 25072 25030 25002 25034
 25065 25068 25028 25005 25017 25049 25055 25072 25031 25080
 25006 25011 25025 25004 25047 25078 25065 25027 25044 25035


Array Size = 50
 26031 26090 26011 26037 26083 26043 26004 26048 26062 26069
 26085 26090 26082 26023 26032 26022 26065 26006 26020 26067
 26055 26025 26026 26021 26037 26085 26071 26078 26001 26019
 26033 26095 26068 26041 26097 26041 26057 26081 26072 26051
 26037 26013 26062 26087 26019 26025 26089 26004 26046 26061


Array Size = 50
 27018 27047 27011 27085 27029 27069 27092 27025 27045 27069
 27084 27003 27066 27062 27068 27064 27086 27065 27024 27071
 27057 27095 27022 27096 27062 27098 27031 27085 27066 27093
 27024 27012 27052 27042 27051 27003 27024 27054 27013 27083
 27008 27080 27001 27000 27000 27055 27042 27066 27021 27018


Array Size = 50
 28005 28087 28066 28048 28049 28054 28060 28030 28008 28040
 28014 28017 28085 28058 28094 28029 28062 28092 28099 28015
 28048 28007 28008 28071 28021 28032 28022 28058 28023 28012
 28025 28073 28051 28016 28047 28075 28093 28001 28087 28054
 28058 28033 28008 28043 28046 28030 28004 28013 28034 28065


Array Size = 50
 29008 29053 29047 29014 29083 29079 29012 29051 29024 29064
 29072 29017 29085 29042 29073 29093 29063 29041 29018 29002
 29014 29034 29062 29079 29070 29050 29045 29085 29047 29034
 29022 29002 29044 29052 29011 29030 29099 29064 29011 29021
 29044 29047 29078 29034 29058 29051 29056 29042 29054 29091


Array Size = 50
 30045 30051 30042 30004 30002 30012 30081 30097 30097 30002
 30054 30062 30057 30031 30090 30048 30064 30074 30079 30083
 30081 30077 30089 30086 30007 30065 30044 30083 30096 30094
 30093 30081 30079 30000 30060 30049 30003 30062 30092 30064
 30089 30061 30030 30045 30081 30006 30033 30052 30057 30099


Array Size = 50
 31086 31058 31013 31062 31010 31061 31006 31052 31077 31028
 31086 31059 31064 31018 31055 31065 31005 31098 31096 31031
 31064 31014 31055 31071 31001 31011 31045 31028 31096 31079
 31053 31029 31037 31078 31006 31023 31035 31046 31072 31073
 31005 31083 31017 31058 31002 31020 31071 31017 31061 31065


Array Size = 50
 32084 32043 32059 32010 32098 32064 32039 32039 32082 32014
 32000 32008 32044 32009 32067 32009 32040 32062 32050 32061
 32065 32077 32071 32022 32069 32089 32010 32073 32081 32056
 32065 32071 32074 32079 32004 32080 32055 32051 32084 32059
 32031 32078 32000 32066 32093 32052 32011 32011 32025 32030


Array Size = 50
 33051 33003 33082 33081 33086 33027 33071 33084 33032 33088
 33070 33038 33049 33056 33084 33055 33026 33014 33075 33095
 33003 33030 33045 33083 33067 33009 33090 33099 33037 33007
 33036 33010 33002 33051 33080 33060 33072 33002 33063 33094
 33084 33071 33015 33091 33026 33083 33007 33017 33008 33094


Array Size = 50
 34096 34014 34081 34039 34075 34008 34059 34018 34045 34009
 34055 34063 34055 34079 34008 34039 34021 34098 34025 34082
 34070 34001 34075 34027 34095 34098 34005 34047 34091 34070
 34072 34005 34042 34085 34074 34048 34030 34054 34032 34024
 34057 34080 34031 34032 34038 34001 34083 34001 34071 34065


Array Size = 50
 35053 35027 35024 35094 35076 35000 35058 35029 35086 35075
 35071 35043 35039 35069 35083 35061 35014 35094 35007 35067
 35035 35061 35097 35039 35025 35087 35038 35048 35025 35006
 35042 35098 35073 35058 35069 35012 35005 35035 35044 35042
 35093 35070 35062 35039 35067 35092 35079 35001 35009 35003


Array Size = 50
 36003 36069 36043 36011 36096 36034 36032 36018 36044 36035
 36030 36004 36060 36059 36037 36014 36050 36021 36085 36064
 36009 36075 36072 36035 36019 36090 36070 36078 36037 36057
 36013 36063 36056 36091 36088 36055 36039 36016 36046 36051
 36088 36042 36049 36050 36035 36055 36030 36025 36013 36081


Array Size = 50
 37039 37031 37093 37072 37082 37076 37029 37086 37065 37019
 37081 37012 37042 37077 37015 37064 37071 37054 37036 37089
 37013 37009 37071 37053 37020 37065 37002 37049 37052 37098
 37072 37020 37055 37076 37094 37085 37061 37086 37054 37075
 37048 37099 37074 37027 37012 37034 37065 37087 37062 37005


Array Size = 50
 38095 38091 38005 38085 38041 38080 38020 38047 38044 38096
 38000 38090 38055 38019 38048 38053 38043 38015 38020 38038
 38007 38038 38052 38077 38056 38028 38094 38081 38009 38093
 38028 38095 38042 38005 38081 38023 38021 38095 38095 38090
 38049 38051 38073 38092 38027 38076 38027 38003 38016 38095


Array Size = 50
 39096 39042 39035 39077 39094 39045 39040 39025 39060 39002
 39067 39044 39062 39009 39017 39037 39044 39074 39046 39004
 39012 39018 39020 39005 39066 39087 39052 39053 39030 39012
 39011 39036 39086 39076 39001 39028 39033 39020 39020 39062
 39007 39065 39024 39085 39066 39028 39015 39046 39033 39094


Array Size = 50
 40077 40037 40067 40067 40038 40083 40084 40026 40030 40009
 40075 40095 40006 40089 40081 40092 40000 40008 40018 40097
 40041 40003 40061 40062 40018 40083 40006 40066 40033 40002
 40099 40006 40060 40064 40091 40056 40089 40002 40066 40034
 40050 40044 40053 40083 40098 40030 40023 40045 40041 40097


Array Size = 50
 41011 41025 41024 41088 41040 41046 41089 41019 41017 41065
 41089 41082 41079 41087 41047 41071 41055 41047 41032 41022
 41027 41036 41021 41017 41090 41023 41004 41024 41020 41007
 41014 41015 41040 41003 41060 41046 41022 41085 41050 41049
 41082 41075 41095 41015 41068 41048 41019 41039 41088 41091


Array Size = 50
 42062 42044 42097 42083 42020 42043 42023 42085 42078 42079
 42096 42060 42033 42092 42004 42067 42018 42050 42072 42068
 42011 42003 42014 42026 42000 42004 42095 42055 42049 42022
 42052 42059 42043 42036 42041 42062 42000 42049 42045 42068
 42073 42098 42027 42089 42086 42003 42082 42002 42086 42054


Array Size = 50
 43073 43016 43001 43057 43035 43017 43058 43053 43080 43084
 43022 43083 43008 43019 43002 43070 43015 43075 43035 43092
 43057 43026 43026 43014 43006 43036 43007 43089 43073 43008
 43026 43052 43098 43097 43059 43075 43088 43099 43036 43042
 43035 43001 43063 43095 43043 43048 43044 43023 43036 43083


Array Size = 50
 44005 44029 44073 44030 44016 44019 44029 44092 44044 44094
 44077 44069 44073 44024 44064 44044 44053 44024 44091 44010
 44078 44045 44005 44023 44030 44038 44077 44019 44018 44031
 44081 44014 44013 44017 44002 44041 44072 44056 44069 44092
 44015 44013 44066 44058 44013 44057 44059 44048 44074 44090


Array Size = 50
 45044 45054 45045 45061 45079 45032 45099 45030 45053 45080
 45069 45093 45042 45059 45006 45059 45025 45011 45015 45085
 45013 45045 45071 45099 45089 45090 45042 45042 45035 45073
 45025 45028 45079 45002 45046 45034 45030 45055 45070 45048
 45072 45096 45007 45014 45065 45062 45033 45005 45021 45043


Array Size = 50
 46008 46009 46039 46043 46087 46059 46083 46035 46082 46027
 46039 46083 46066 46003 46003 46009 46084 46081 46020 46057
 46051 46083 46031 46050 46018 46073 46002 46075 46036 46000
 46002 46065 46068 46077 46054 46057 46092 46051 46042 46064
 46082 46043 46017 46093 46027 46091 46056 46093 46004 46036


Array Size = 50
 47011 47034 47049 47060 47059 47058 47085 47086 47017 47019
 47096 47019 47008 47015 47084 47083 47086 47050 47047 47034
 47010 47078 47011 47067 47092 47058 47043 47039 47074 47079
 47084 47047 47073 47037 47033 47032 47099 47078 47051 47086
 47053 47010 47068 47072 47060 47049 47042 47021 47044 47019


Array Size = 50
 48015 48071 48032 48098 48026 48097 48058 48097 48085 48035
 48096 48009 48091 48045 48090 48044 48066 48014 48023 48076
 48070 48047 48011 48027 48062 48076 48047 48040 48009 48056
 48045 48083 48003 48050 48012 48028 48065 48050 48060 48038
 48014 48000 48079 48092 48036 48097 48076 48041 48084 48054


Array Size = 50
 49032 49043 49008 49077 49075 49036 49080 49083 49068 49008
 49071 49000 49047 49009 49001 49076 49074 49033 49070 49058
 49093 49086 49059 49077 49098 49015 49081 49016 49085 49085
 49048 49069 49027 49080 49045 49032 49063 49066 49058 49017
 49055 49028 49011 49093 49056 49065 49021 49026 49055 49066


Array Size = 50
 50058 50074 50036 50064 50000 50069 50049 50028 50048 50047
 50042 50091 50049 50025 50074 50036 50065 50023 50060 50005
 50042 50021 50064 50009 50095 50035 50084 50051 50095 50095
 50053 50043 50071 50097 50042 50025 50000 50073 50087 50032
 50025 50062 50004 50041 50058 50017 50073 50094 50067 50041


Array Size = 50
 51064 51010 51014 51028 51058 51057 51067 51087 51082 51041
 51074 51055 51036 51093 51059 51031 51019 51069 51093 51067
 51077 51048 51026 51095 51044 51066 51030 51022 51037 51073
 51083 51026 51081 51042 51048 51038 51011 51001 51021 51040
 51043 51064 51032 51053 51036 51013 51085 51094 51038 51022


Array Size = 50
 52096 52092 52056 52077 52059 52019 52070 52022 52025 52070
 52080 52062 52031 52097 52036 52075 52002 52079 52028 52008
 52026 52093 52071 52027 52069 52027 52089 52047 52033 52070
 52034 52026 52096 52084 52031 52059 52020 52074 52006 52031
 52062 52080 52024 52002 52039 52069 52023 52051 52030 52031


Array Size = 50
 53061 53049 53093 53004 53047 53052 53009 53083 53064 53018
 53063 53072 53030 53021 53093 53057 53093 53017 53049 53062
 53027 53059 53045 53095 53017 53004 53054 53093 53087 53085
 53039 53018 53035 53085 53050 53016 53005 53016 53079 53059
 53042 53041 53029 53030 53069 53069 53097 53082 53007 53019


Array Size = 50
 54094 54021 54045 54019 54088 54009 54057 54021 54074 54047
 54095 54092 54047 54067 54072 54092 54092 54083 54039 54010
 54062 54051 54082 54005 54017 54038 54078 54030 54030 54078
 54036 54079 54017 54093 54097 54081 54001 54061 54090 54091
 54072 54007 54053 54051 54034 54045 54050 54097 54081 54069


Array Size = 50
 55089 55091 55088 55047 55072 55088 55082 55044 55079 55015
 55096 55038 55047 55043 55046 55087 55076 55082 55028 55038
 55038 55091 55030 55072 55035 55043 55094 55005 55039 55083
 55072 55056 55049 55094 55044 55009 55027 55031 55059 55080
 55086 55038 55096 55029 55050 55010 55013 55026 55018 55054


Array Size = 50
 56056 56084 56097 56090 56029 56004 56058 56071 56091 56020
 56035 56060 56048 56043 56022 56067 56023 56075 56031 56003
 56046 56040 56002 56064 56036 56029 56045 56064 56077 56077
 56062 56062 56058 56049 56075 56052 56037 56058 56081 56053
 56025 56031 56028 56050 56047 56046 56082 56034 56072 56047


Array Size = 50
 57054 57017 57051 57086 57026 57081 57087 57002 57061 57051
 57063 57079 57058 57061 57091 57030 57054 57062 57040 57072
 57083 57027 57094 57010 57009 57001 57064 57047 57033 57099
 57023 57074 57043 57015 57092 57014 57044 57019 57019 57088
 57002 57091 57040 57099 57045 57075 57026 57017 57009 57066


Array Size = 50
 58095 58093 58071 58023 58000 58087 58060 58062 58078 58088
 58095 58064 58042 58031 58028 58081 58020 58083 58036 58059
 58099 58022 58009 58060 58041 58078 58057 58020 58020 58057
 58003 58020 58020 58007 58050 58001 58085 58072 58058 58051
 58058 58061 58086 58072 58001 58022 58064 58037 58003 58043


Array Size = 50
 59026 59018 59012 59050 59010 59093 59091 59077 59079 59016
 59021 59036 59078 59083 59076 59085 59046 59015 59046 59029
 59003 59040 59033 59034 59035 59003 59056 59002 59076 59049
 59084 59091 59011 59017 59071 59081 59020 59050 59059 59008
 59026 59025 59002 59034 59052 59077 59009 59012 59015 59038


Array Size = 50
 60012 60070 60002 60024 60036 60041 60056 60051 60097 60033
 60058 60025 60043 60063 60081 60024 60038 60007 60033 60097
 60052 60020 60090 60038 60014 60092 60049 60024 60028 60056
 60012 60066 60040 60078 60068 60036 60020 60044 60036 60043
 60087 60082 60095 60071 60047 60082 60022 60085 60054 60005


Array Size = 50
 61008 61085 61038 61092 61046 61062 61018 61007 61005 61002
 61052 61041 61056 61073 61060 61020 61055 61019 61045 61030
 61072 61010 61020 61061 61092 61002 61060 61062 61070 61069
 61059 61076 61077 61098 61058 61042 61062 61054 61067 61048
 61076 61045 61047 61082 61088 61042 61081 61015 61090 61048


Array Size = 50
 62001 62020 62058 62075 62096 62028 62021 62081 62025 62043
 62003 62013 62064 62062 62025 62067 62096 62015 62075 62063
 62045 62027 62047 62074 62029 62074 62029 62042 62090 62041
 62019 62096 62073 62030 62044 62064 62023 62039 62092 62020
 62027 62030 62050 62031 62016 62020 62066 62069 62040 62064


Array Size = 50
 63054 63089 63053 63081 63005 63027 63018 63053 63097 63072
 63025 63022 63085 63093 63053 63059 63016 63017 63026 63023
 63049 63055 63074 63012 63041 63025 63067 63085 63051 63078
 63002 63039 63018 63057 63083 63061 63061 63055 63042 63021
 63000 63028 63010 63052 63022 63071 63041 63033 63011 63096


Array Size = 50
 64033 64066 64035 64089 64089 64067 64054 64034 64076 64085
 64070 64025 64084 64078 64029 64002 64075 64023 64034 64047
 64097 64073 64089 64043 64062 64070 64082 64076 64040 64082
 64020 64010 64076 64076 64098 64095 64017 64092 64007 64040
 64078 64076 64008 64083 64071 64050 64082 64063 64078 64085


Array Size = 50
 65040 65057 65005 65001 65075 65066 65072 65094 65065 65078
 65080 65094 65056 65078 65098 65059 65018 65079 65007 65069
 65001 65054 65063 65038 65054 65052 65010 65063 65041 65097
 65097 65060 65092 65023 65025 65021 65022 65054 65068 65026
 65009 65011 65036 65037 65094 65070 65067 65089 65065 65094


Array Size = 50
 66017 66026 66010 66058 66095 66092 66078 66015 66041 66029
 66014 66085 66048 66053 66021 66072 66022 66063 66092 66026
 66007 66004 66008 66014 66079 66087 66022 66067 66091 66031
 66091 66019 66007 66099 66043 66044 66092 66092 66076 66061
 66073 66037 66002 66069 66049 66007 66053 66002 66049 66079


Array Size = 50
 67019 67079 67025 67051 67084 67080 67080 67028 67079 67084
 67006 67073 67066 67068 67035 67012 67052 67034 67080 67024
 67014 67044 67075 67013 67065 67065 67034 67021 67082 67082
 67093 67017 67054 67072 67075 67027 67080 67079 67070 67054
 67078 67065 67041 67087 67065 67079 67019 67009 67089 67009


Array Size = 50
 68090 68064 68033 68046 68028 68037 68081 68033 68030 68018
 68074 68019 68061 68084 68079 68093 68062 68008 68045 68045
 68013 68080 68038 68002 68034 68036 68077 68097 68079 68023
 68052 68010 68099 68024 68077 68079 68005 68045 68074 68013
 68025 68018 68028 68052 68010 68058 68028 68030 68023 68024


Array Size = 50
 69067 69055 69015 69093 69047 69063 69008 69067 69066 69084
 69005 69007 69073 69066 69002 69082 69094 69095 69048 69091
 69012 69048 69087 69014 69086 69076 69017 69027 69019 69002
 69044 69021 69057 69048 69054 69095 69080 69044 69096 69063
 69031 69040 69054 69033 69069 69060 69033 69037 69075 69039


Array Size = 50
 70031 70066 70043 70031 70082 70021 70054 70018 70094 70055
 70073 70031 70074 70001 70002 70024 70099 70098 70038 70055
 70037 70085 70079 70094 70011 70035 70090 70071 70037 70040
 70014 70061 70043 70061 70000 70030 70010 70071 70020 70039
 70036 70098 70084 70066 70082 70099 70002 70064 70027 70040


Array Size = 50
 71067 71001 71093 71094 71049 71088 71012 71072 71030 71044
 71028 71071 71005 71061 71041 71069 71038 71085 71080 71052
 71099 71018 71013 71022 71058 71016 71000 71003 71025 71046
 71021 71070 71036 71070 71060 71021 71085 71016 71041 71043
 71008 71027 71023 71029 71096 71029 71049 71085 71008 71046


Array Size = 50
 72097 72086 72046 72085 72023 72039 72007 72067 72020 72078
 72018 72075 72012 72037 72005 72053 72059 72001 72061 72002
 72001 72084 72078 72022 72000 72069 72024 72051 72000 72059
 72047 72047 72017 72089 72044 72065 72033 72051 72036 72003
 72093 72077 72041 72018 72095 72038 72064 72084 72071 72081


Array Size = 50
 73038 73014 73068 73054 73078 73080 73072 73096 73058 73084
 73060 73047 73091 73016 73031 73030 73099 73055 73004 73033
 73070 73097 73098 73022 73052 73003 73043 73060 73046 73050
 73092 73053 73051 73097 73070 73018 73084 73028 73031 73005
 73018 73011 73029 73022 73080 73023 73013 73017 73072 73024


Array Size = 50
 74081 74094 74073 74061 74057 74071 74043 74061 74099 74010
 74030 74039 74099 74078 74082 74011 74073 74064 74097 74099
 74023 74018 74053 74010 74066 74004 74096 74052 74042 74098
 74011 74049 74023 74022 74054 74097 74049 74095 74054 74027
 74055 74027 74032 74004 74007 74019 74016 74092 74012 74008


Array Size = 50
 75061 75060 75081 75098 75084 75032 75053 75039 75005 75067
 75022 75039 75068 75065 75054 75075 75025 75067 75045 75039
 75092 75020 75055 75070 75026 75057 75015 75000 75098 75054
 75021 75014 75092 75054 75052 75045 75082 75006 75053 75031
 75055 75076 75091 75040 75005 75061 75010 75076 75023 75096


Array Size = 50
 76045 76087 76041 76079 76023 76094 76090 76024 76046 76015
 76089 76064 76057 76065 76073 76060 76078 76022 76036 76018
 76027 76047 76072 76015 76097 76069 76061 76057 76055 76013
 76093 76084 76072 76076 76043 76044 76060 76003 76006 76080
 76069 76066 76022 76088 76068 76072 76061 76020 76010 76045


Array Size = 50
 77024 77005 77000 77050 77072 77017 77022 77018 77041 77079
 77033 77002 77089 77037 77053 77021 77012 77087 77089 77042
 77058 77087 77087 77057 77046 77030 77054 77035 77096 77088
 77094 77031 77080 77045 77021 77057 77051 77031 77054 77072
 77002 77012 77095 77000 77087 77068 77018 77059 77086 77041


Array Size = 50
 78071 78094 78053 78038 78001 78082 78011 78019 78020 78017
 78082 78087 78080 78060 78019 78090 78019 78052 78015 78035
 78095 78052 78005 78062 78077 78067 78080 78042 78024 78082
 78008 78048 78090 78035 78007 78023 78043 78076 78039 78003
 78067 78094 78056 78071 78033 78002 78068 78088 78014 78011


Array Size = 50
 79065 79058 79065 79010 79054 79031 79090 79030 79052 79040
 79073 79038 79083 79018 79038 79018 79099 79029 79024 79059
 79040 79068 79071 79011 79075 79088 79068 79021 79068 79020
 79061 79081 79081 79086 79018 79013 79037 79037 79049 79098
 79075 79004 79073 79075 79076 79077 79046 79000 79045 79059


Array Size = 50
 80040 80013 80046 80050 80054 80093 80007 80008 80010 80051
 80076 80031 80004 80083 80007 80092 80032 80024 80086 80069
 80083 80025 80050 80032 80045 80048 80024 80048 80053 80074
 80084 80087 80057 80048 80052 80035 80036 80079 80039 80095
 80065 80094 80020 80017 80018 80066 80039 80001 80066 80039


Array Size = 50
 81055 81084 81090 81012 81088 81003 81026 81013 81051 81011
 81018 81081 81024 81011 81027 81086 81001 81034 81066 81003
 81069 81070 81057 81074 81058 81010 81065 81028 81070 81042
 81011 81072 81034 81084 81045 81014 81037 81098 81020 81033
 81081 81078 81068 81070 81064 81042 81042 81056 81035 81075


Array Size = 50
 82089 82043 82070 82020 82021 82018 82066 82093 82012 82045
 82072 82034 82036 82022 82025 82098 82019 82003 82061 82087
 82025 82044 82050 82010 82094 82024 82083 82047 82075 82065
 82009 82064 82096 82094 82016 82010 82005 82082 82032 82093
 82036 82097 82076 82021 82006 82028 82024 82022 82045 82070


Array Size = 50
 83063 83037 83082 83026 83057 83092 83039 83067 83053 83050
 83017 83090 83053 83064 83086 83049 83004 83095 83042 83037
 83095 83008 83046 83065 83005 83063 83094 83061 83093 83015
 83015 83058 83049 83028 83041 83062 83099 83075 83019 83004
 83029 83008 83031 83015 83096 83059 83026 83053 83032 83057


Array Size = 50
 84048 84021 84033 84059 84072 84032 84074 84007 84077 84041
 84081 84087 84083 84071 84024 84086 84083 84072 84015 84028
 84084 84058 84038 84060 84066 84050 84047 84096 84053 84071
 84054 84015 84086 84034 84095 84049 84002 84075 84094 84046
 84038 84042 84041 84074 84081 84097 84041 84063 84035 84020


Array Size = 50
 85092 85062 85016 85062 85037 85015 85094 85050 85093 85094
 85074 85047 85073 85073 85041 85032 85054 85015 85060 85000
 85013 85032 85057 85074 85020 85097 85012 85089 85095 85074
 85099 85001 85025 85081 85092 85008 85068 85010 85019 85078
 85005 85044 85009 85040 85013 85074 85037 85034 85093 85040


Array Size = 50
 86075 86080 86031 86007 86072 86006 86082 86035 86085 86071
 86097 86049 86088 86030 86092 86097 86072 86026 86066 86028
 86016 86029 86029 86046 86081 86003 86048 86069 86027 86077
 86020 86049 86085 86092 86001 86087 86028 86069 86013 86090
 86061 86098 86086 86086 86082 86060 86039 86082 86056 86043


Array Size = 50
 87014 87057 87097 87074 87032 87047 87064 87098 87080 87011
 87098 87051 87060 87093 87010 87065 87002 87034 87006 87019
 87091 87019 87073 87073 87033 87009 87067 87071 87094 87050
 87031 87088 87013 87097 87093 87025 87020 87063 87060 87070
 87007 87079 87047 87014 87080 87028 87051 87036 87034 87046


Array Size = 50
 88085 88043 88078 88054 88058 88042 88067 88078 88042 88080
 88080 88094 88063 88027 88025 88037 88078 88065 88004 88053
 88007 88061 88011 88077 88036 88034 88040 88072 88029 88086
 88055 88032 88053 88065 88022 88064 88051 88054 88089 88061
 88047 88046 88055 88097 88078 88067 88066 88036 88074 88024


Array Size = 50
 89043 89005 89008 89078 89019 89057 89087 89037 89096 89004
 89047 89000 89009 89051 89032 89043 89035 89012 89089 89044
 89055 89013 89049 89011 89053 89024 89015 89099 89090 89083
 89075 89079 89021 89014 89057 89087 89002 89053 89025 89004
 89071 89009 89069 89059 89053 89046 89013 89028 89087 89039


Array Size = 50
 90037 90078 90003 90037 90094 90054 90037 90045 90005 90090
 90082 90032 90059 90077 90085 90087 90097 90037 90044 90090
 90096 90032 90004 90028 90090 90018 90001 90068 90048 90027
 90098 90010 90026 90061 90040 90090 90063 90076 90078 90017
 90036 90062 90099 90060 90004 90040 90029 90017 90038 90036


Array Size = 50
 91074 91020 91005 91015 91092 91083 91027 91081 91036 91035
 91018 91051 91004 91023 91018 91091 91068 91021 91080 91061
 91086 91035 91006 91026 91021 91083 91058 91034 91065 91060
 91064 91065 91051 91054 91017 91025 91013 91058 91082 91081
 91030 91084 91018 91073 91011 91080 91071 91015 91014 91075


Array Size = 50
 92025 92063 92025 92014 92001 92064 92068 92036 92054 92016
 92066 92018 92053 92080 92049 92041 92084 92048 92030 92017
 92089 92089 92060 92062 92098 92065 92011 92042 92018 92099
 92018 92009 92098 92003 92051 92068 92057 92032 92059 92047
 92009 92081 92027 92073 92017 92062 92008 92021 92013 92079


Array Size = 50
 93038 93071 93016 93071 93087 93037 93098 93096 93069 93021
 93086 93033 93047 93005 93016 93068 93034 93008 93009 93078
 93080 93057 93059 93084 93053 93066 93077 93032 93063 93082
 93074 93021 93013 93092 93019 93095 93075 93099 93025 93012
 93078 93094 93019 93008 93035 93031 93086 93090 93032 93043


Array Size = 50
 94046 94069 94008 94064 94078 94042 94001 94096 94011 94001
 94006 94085 94014 94015 94076 94042 94023 94099 94051 94015
 94085 94031 94049 94079 94043 94084 94094 94003 94003 94033
 94076 94061 94018 94093 94028 94084 94048 94099 94010 94089
 94024 94073 94033 94070 94047 94099 94016 94055 94000 94095


Array Size = 50
 95080 95094 95034 95074 95047 95066 95083 95021 95090 95092
 95039 95097 95034 95063 95063 95094 95012 95078 95091 95026
 95063 95066 95026 95063 95082 95058 95087 95093 95050 95013
 95044 95015 95057 95082 95012 95083 95042 95067 95078 95069
 95000 95080 95055 95080 95073 95078 95098 95044 95055 95011


Array Size = 50
 96070 96036 96046 96026 96034 96012 96090 96007 96042 96039
 96013 96082 96071 96084 96051 96005 96012 96083 96060 96095
 96009 96076 96093 96043 96085 96072 96051 96074 96055 96013
 96028 96064 96024 96088 96018 96067 96030 96060 96095 96065
 96091 96070 96064 96025 96051 96048 96067 96092 96042 96047


Array Size = 50
 97099 97056 97098 97032 97021 97007 97083 97044 97091 97007
 97037 97088 97095 97050 97099 97034 97089 97047 97067 97088
 97027 97061 97038 97037 97020 97052 97034 97083 97089 97010
 97068 97057 97062 97089 97003 97076 97049 97073 97058 97086
 97062 97099 97052 97039 97045 97017 97017 97027 97078 97035


Array Size = 50
 98036 98037 98059 98084 98019 98081 98076 98017 98090 98035
 98072 98097 98036 98072 98053 98013 98000 98057 98097 98041
 98032 98048 98025 98015 98059 98051 98095 98094 98023 98059
 98048 98095 98007 98074 98004 98069 98038 98068 98023 98002
 98068 98038 98085 98020 98001 98054 98025 98095 98062 98068


Array Size = 50
 99062 99025 99020 99045 99011 99096 99055 99000 99035 99078
 99076 99082 99079 99048 99089 99033 99070 99008 99094 99066
 99026 99068 99024 99043 99021 99042 99018 99006 99049 99042
 99050 99074 99067 99096 99047 99016 99045 99053 99094 99099
 99068 99010 99011 99034 99038 99050 99002 99094 99059 99071

7031 97013
 97003 97087 97042 97027 97062 97089 97070 97095 97007 97089
 97024 97060 97043 97032 97043 97030 97044 97064 97084 97046


Array Size = 50
 98047 98094 98031 98085 98041 98074 98053 98045 98077 98078
 98011 98040 98017 98074 98066 98027 98013 98053 98008 98077
 98081 98005 98003 98093 98017 98034 98079 98019 98013 98087
 98065 98067 98024 98006 98079 98052 98083 98071 98004 98046
 98009 98079 98000 98084 98069 98030 98014 98014 98058 98074


Array Size = 50
 99042 99063 99013 99080 99010 99083 99044 99024 99030 99034
 99027 99048 99005 99034 99027 99011 99066 99001 99072 99069
 99031 99046 99008 99019 99050 99098 99082 99000 99045 99046
 99065 99025 99086 99021 99063 99061 99057 99070 99019 99057
 99061 99088 99080 99065 99039 99094 99063 99044 99028 99033

06 94012 94002 94021
 94034 94049

Array Size = 48
 95002 95003 95004 95009 95012 95013 95015 95015 95016 95017
 95018 95023 95024 95026 95027 95030 95031 95034 95034 95034
 95036 95036 95041 95042 95042 95045 95047 95047 95048 95050
 95057 95057 95064 95064 95065 95067 95071 95075 95077 95078
 95080 95086 95086 95088 95088 95094 95098 95099

Array Size = 95
 96006 96038 96074 96031 96096 96098 96046 96099 96089 96038
 96054 96066 96071 96082 96076 96085 96067 96078 96093 96005
 96049 96038 96014 96068 96009 96033 96079 96073 96026 96043
 96060 96082 96086 96045 96087 96013 96003 96027 96000 96006
 96000 96019 96031 96085 96055 96025 96039 96087 96051 96006
 96060 96083 96050 96062 96048 96002 96001 96047 96027 96025
 96081 96065 96054 96031 96093 96003 96078 96091 96045 96049
 96069 96003 96003 96076 96086 96031 96031 96035 96082 96041
 96001 96014 96098 96095 96030 96049 96099 96039 96068 96084
 96054 96045 96020 96077 96051

Array Size = 85
 97000 97000 97002 97004 97006 97006 97007 97007 97010 97010
 97010 97012 97012 97014 97014 97017 97017 97018 97018 97022
 97023 97023 97023 97024 97027 97030 97031 97032 97033 97034
 97035 97037 97037 97037 97037 97037 97039 97039 97039 97040
 97043 97045 97047 97048 97053 97053 97054 97055 97055 97055
 97055 97056 97059 97059 97060 97060 97063 97065 97067 97067
 97068 97068 97069 97070 97071 97071 97074 97074 97074 97075
 97077 97077 97078 97079 97080 97082 97082 97085 97085 97086
 97090 97093 97093 97095 97097

Array Size = 63
 98088 98017 98068 98079 98076 98010 98006 98050 98038 98011
 98001 98059 98087 98038 98066 98099 98054 98090 98046 98085
 98095 98088 98081 98090 98007 98065 98098 98020 98003 98012
 98097 98044 98012 98035 98016 98017 98063 98059 98024 98010
 98098 98002 98029 98040 98026 98041 98015 98021 98008 98075
 98075 98042 98036 98084 98073 98016 98061 98083 98075 98067
 98011 98072 98095

Array Size = 74
 99000 99001 99001 99001 99002 99006 99012 99012 99013 99013
 99015 99017 99018 99022 99023 99024 99026 99026 99027 99027
 99030 99032 99035 99036 99037 99038 99039 99041 99041 99041
 99042 99043 99043 99044 99045 99045 99046 99049 99050 99051
 99051 99051 99052 99053 99053 99055 99057 99059 99059 99059
 99060 99061 99061 99064 99064 99068 99068 99068 99070 99072
 99074 99074 99075 99076 99079 99079 99079 99081 99085 99092
 99092 99094 99094 99096
9009 99009 99010 99010
 99017 99018 99018 99020 99023 99028 99030 99032 99032 99034
 99036 99037 99039 99039 99041 99043 99047 99048 99048 99048
 99049 99049 99050 99051 99051 99052 99055 99056 99059 99061
 99062 99062 99062 99062 99067 99070 99072 99072 99072 99073
 99074 99074 99074 99077 99077 99077 99077 99080 99081 99085
 99086 99086 99088 99092 99092 99093 99094 99095 99095 99096
 99097 99098 99099 99099 99099
65 96011 96090 96097 96086 96012 96030 96066 96059
 96052 96044 96021 96088 96068 96074 96092 96098 96000 96070
 96013 96072 96049 96053 96008 96057 96075 96059 96067 96095
 96032 96052 96044 96090 96016 96025 96070 96050 96041 96007
 96093 96016 96031 96029

Array Size = 52
 97000 97001 97003 97004 97004 97008 97011 97011 97013 97018
 97018 97019 97020 97024 97024 97024 97026 97027 97030 97030
 97030 97031 97035 97036 97039 97039 97040 97042 97043 97044
 97046 97047 97048 97055 97056 97057 97058 97059 97061 97064
 97065 97067 97067 97070 97077 97078 97078 97079 97082 97083
 97088 97097

Array Size = 58
 98055 98097 98046 98085 98074 98088 98066 98084 98043 98067
 98046 98078 98035 98073 98041 98077 98059 98026 98083 98051
 98050 98020 98053 98091 98093 98013 98064 98012 98089 98018
 98017 98009 98070 98077 98001 98080 98023 98060 98009 98079
 98046 98078 98053 98095 98019 98036 98040 98001 98096 98002
 98078 98099 98004 98022 98030 98034 98003 98029

Array Size = 90
 99000 99002 99003 99004 99006 99006 99008 99009 99010 99011
 99012 99014 99014 99015 99015 99019 99020 99023 99023 99024
 99025 99025 99025 99025 99026 99026 99028 99033 99034 99036
 99037 99038 99040 99040 99042 99042 99044 99045 99045 99045
 99048 99050 99051 99054 99054 99054 99055 99056 99056 99057
 99059 99060 99062 99062 99063 99066 99068 99070 99071 99071
 99073 99073 99074 99075 99077 99080 99080 99081 99081 99081
 99082 99087 99087 99091 99091 99092 99093 99093 99093 99093
 99093 99094 99097 99097 99097 99097 99098 99098 99099 99099

